	0	1	2	3	4	5	6	7	8	9	10	11	12	13	14	15	16	17	18	19	20	21	22	23	24	25	26	27	28	29	30	31	32	33	34	35	36	37	38	39	40	41	42	43	44	45	46	47	48	49	50	51	52	53	54	55	56	57	58	59
0	3.9356537	-0.7676501	0.1824625	2.0211089	-0.30574661	-1.8815134	-0.7517692	-1.9760746	-3.555951	-0.31351122	-2.0508208	-0.45750716	-0.983422	-1.6502228	-0.48245192	1.6181244	-1.159097	-0.95162237	0.8574355	0.5155895	1.475036	1.3749334	2.013043	-1.0554155	-1.4413505	1.3504815	1.8398442	-1.2050226	3.389416	0.5806212	-0.88025993	-1.2906858	-2.6607249	1.1819854	0.40174505	-0.27127722	-2.5317025	-1.8486677	1.8234613	-2.1190233	1.020346	-0.115384065	3.1166954	0.5027689	-1.3504035	3.7549767	2.6056902	0.6980218	1.3135421	-0.76514536	0.48627028	1.8197659	0.33271635	-0.099761836	-2.6961682	-2.9895594	0.04112018	0.29361182	-1.2366991	0.07433816
1	3.760437	-0.7333244	0.17658876	1.9079503	-0.27157056	-1.8314673	-0.6923905	-1.8767123	-3.412259	-0.29203665	-1.9615663	-0.43239567	-0.93079305	-1.6143137	-0.5038122	1.5842476	-1.1010395	-0.87181437	0.8079219	0.47026986	1.4010514	1.3371	1.9199015	-1.023259	-1.3633733	1.2726063	1.7787879	-1.1675615	3.2585309	0.5645896	-0.825683	-1.2242253	-2.5502067	1.1121505	0.36759225	-0.2907229	-2.4438586	-1.7569617	1.7632991	-2.0178246	0.95341825	-0.10025028	3.0154757	0.48531714	-1.3032418	3.625166	2.4746363	0.64615875	1.2572953	-0.7631834	0.50337404	1.739941	0.31457016	-0.100157954	-2.600641	-2.8849053	0.048236832	0.29482415	-1.2360991	0.06393208
2	3.9394743	-0.80754197	0.17036246	2.0144649	-0.2840912	-1.8989828	-0.7659904	-1.9811119	-3.5435069	-0.3136729	-2.0644116	-0.42237213	-0.9897743	-1.6325508	-0.49403828	1.5917417	-1.1725554	-0.9364241	0.87140244	0.50181407	1.5064785	1.3718638	2.031544	-1.040445	-1.4367305	1.3413475	1.8433701	-1.1879026	3.4041188	0.59582365	-0.91185546	-1.2819997	-2.6381416	1.1426771	0.40584353	-0.25423104	-2.5471692	-1.8449177	1.8280467	-2.123008	1.0469373	-0.12463162	3.1248596	0.4947405	-1.2978798	3.776722	2.5796793	0.6816352	1.3075434	-0.74766326	0.49554792	1.8515341	0.29421532	-0.107157454	-2.6543202	-2.9544785	0.016375953	0.27694264	-1.2177678	0.02754295
3	4.021833	-0.7806025	0.16961357	2.0440261	-0.32210934	-1.9546679	-0.741093	-1.9917269	-3.6359954	-0.31178758	-2.066978	-0.5010984	-1.0116255	-1.6944004	-0.51552933	1.6856964	-1.1799774	-0.9372131	0.87490416	0.5166334	1.5113096	1.4044676	2.0655808	-1.0558634	-1.4647341	1.3779404	1.8830838	-1.2512622	3.483393	0.599884	-0.85606253	-1.330606	-2.74176	1.2153184	0.38632664	-0.31863713	-2.5990462	-1.8697983	1.8563398	-2.1806378	1.0245113	-0.1088219	3.2042153	0.5425045	-1.4066299	3.8543575	2.6644466	0.69995356	1.3219465	-0.82121295	0.5389064	1.8357275	0.36428583	-0.1220797	-2.7737627	-3.076926	0.0455648	0.3107436	-1.3152089	0.07338471
4	3.5021565	-0.70429087	0.1626914	1.8128266	-0.25357175	-1.6813067	-0.6873255	-1.7756503	-3.1752343	-0.25406772	-1.8404838	-0.39098483	-0.8835591	-1.485366	-0.467689	1.4805914	-1.0269775	-0.8197423	0.75643057	0.4279692	1.3176718	1.2439791	1.8035614	-0.98205525	-1.2712709	1.2182105	1.64673	-1.0968302	3.0640996	0.5053618	-0.7630743	-1.149551	-2.3953745	1.0385873	0.35893095	-0.27907634	-2.2870276	-1.6435777	1.6493497	-1.9189985	0.92782605	-0.1124528	2.8347676	0.42848548	-1.2229565	3.3793116	2.325393	0.62991196	1.1858002	-0.7162474	0.45652503	1.6379129	0.2855485	-0.09772537	-2.4294217	-2.7140148	0.03539875	0.2789671	-1.1222407	0.054600984
5	3.9282613	-0.79984456	0.164524	2.0278578	-0.3130141	-1.8532971	-0.7562164	-1.9703201	-3.5450556	-0.32076257	-2.0584352	-0.42269817	-1.010248	-1.6474129	-0.5067394	1.5751548	-1.1563088	-0.94132423	0.87727076	0.5040493	1.4797314	1.3657881	2.0117986	-1.0851245	-1.4444366	1.3488425	1.8261737	-1.1854652	3.3689008	0.5798698	-0.8643336	-1.2748964	-2.6628993	1.1627971	0.42664486	-0.25837493	-2.5346391	-1.8513263	1.8227109	-2.1365635	1.0414249	-0.12452825	3.1059885	0.47087103	-1.3063322	3.7815106	2.585735	0.70360917	1.3233068	-0.7658201	0.5201689	1.8275166	0.31083325	-0.1143188	-2.67383	-2.9936993	0.045384757	0.3035053	-1.1880541	0.057321336
6	4.177831	-0.82470506	0.1629421	2.116111	-0.3310839	-2.0080047	-0.76931155	-2.0642464	-3.7936804	-0.31420022	-2.1215262	-0.48511168	-1.0632826	-1.7623689	-0.56379116	1.7381247	-1.2205865	-0.9507246	0.9144749	0.5129985	1.5561264	1.5064626	2.128973	-1.110032	-1.5165154	1.4354542	1.9844904	-1.2995226	3.6187491	0.6120933	-0.88055736	-1.369879	-2.8416243	1.2593012	0.3901178	-0.34810543	-2.7209365	-1.9187927	1.9551545	-2.2666914	1.0702393	-0.124693446	3.3298008	0.5347714	-1.4429035	4.027916	2.7346575	0.74111027	1.3740637	-0.8518683	0.5671016	1.9162982	0.38006884	-0.12676929	-2.8707383	-3.1949456	0.042538397	0.31176203	-1.3615059	0.09490032
7	3.7102413	-0.68225324	0.12700547	1.8776907	-0.2769296	-1.7441425	-0.69726676	-1.8121926	-3.2964284	-0.27848834	-1.9276537	-0.4968099	-0.9388641	-1.6153032	-0.5449346	1.5815133	-1.0868924	-0.8364565	0.80746114	0.49533802	1.3900125	1.330351	1.8971366	-1.0471301	-1.3233743	1.2749735	1.7806884	-1.1735554	3.1821597	0.5163627	-0.82499427	-1.2064763	-2.545478	1.1729854	0.32208154	-0.30416694	-2.3828251	-1.7898058	1.6934507	-2.0213287	0.8860687	-0.1101767	2.983702	0.51032543	-1.3677032	3.5882194	2.434271	0.6499505	1.2362355	-0.76627636	0.45532334	1.6863854	0.35538074	-0.07432635	-2.6283085	-2.8468688	0.047437396	0.33457124	-1.2301606	0.1039166
8	3.995177	-0.783427	0.1726274	2.0205467	-0.28817627	-1.9607795	-0.71983445	-1.9772677	-3.6383343	-0.3060739	-2.0947652	-0.49918234	-0.99895453	-1.7472231	-0.5606684	1.6822023	-1.1529844	-0.9305517	0.88260204	0.5031935	1.4946746	1.4285085	2.0435483	-1.0621324	-1.4467334	1.3695731	1.8974409	-1.2268246	3.4592164	0.59968454	-0.84339446	-1.3328722	-2.7304962	1.2150372	0.36036953	-0.3398371	-2.6059537	-1.8978249	1.8651185	-2.1700892	1.0119797	-0.09952348	3.1975322	0.5277422	-1.397416	3.8553827	2.6302843	0.71599233	1.3259187	-0.8108589	0.5572161	1.8157567	0.36203447	-0.11952517	-2.7677171	-3.064135	0.04181919	0.32253218	-1.3226584	0.08240674
9	4.0013185	-0.8530028	0.15123104	2.0841346	-0.31329167	-1.9399977	-0.76220894	-2.0074236	-3.6079202	-0.2856739	-2.0981631	-0.4921245	-1.0326859	-1.6794239	-0.53694	1.6423882	-1.145331	-0.93868816	0.9158312	0.5131361	1.5191873	1.403126	2.0927715	-1.0851184	-1.4517301	1.4152668	1.9025508	-1.2000967	3.4755821	0.55869526	-0.86251014	-1.3387212	-2.7632875	1.2029258	0.4000569	-0.3234679	-2.618335	-1.8669049	1.8966486	-2.2274587	1.0847152	-0.09393254	3.1930344	0.4849136	-1.3739129	3.8500955	2.6688976	0.74289566	1.3397957	-0.8229301	0.5488984	1.8380268	0.31636685	-0.12823972	-2.731967	-3.0627744	0.019095682	0.31105256	-1.2527393	0.054952033
10	3.9691257	-0.75803566	0.19112498	2.0015662	-0.28013855	-1.9263598	-0.7174783	-1.9515233	-3.6293173	-0.30031803	-2.0184312	-0.47061408	-1.0167462	-1.6953385	-0.5281284	1.6930565	-1.1624255	-0.92023385	0.8514847	0.47365427	1.4960515	1.414634	1.9990622	-1.066808	-1.4429449	1.367601	1.8602133	-1.249725	3.4359887	0.59430575	-0.8161058	-1.2963446	-2.706783	1.1834584	0.374817	-0.3246885	-2.5786805	-1.8649452	1.8486351	-2.1414106	1.0025414	-0.12017046	3.1816664	0.5249736	-1.4092802	3.8286843	2.5891678	0.7025821	1.3475115	-0.7756565	0.557514	1.8293824	0.3389705	-0.10735118	-2.762772	-3.0773299	0.0565195	0.30823916	-1.3290167	0.08652096
11	3.6161366	-0.69869107	0.16149284	1.8215806	-0.25413015	-1.7454051	-0.6438175	-1.7855079	-3.2816925	-0.27322593	-1.8455242	-0.4346305	-0.92759603	-1.5631375	-0.48703468	1.5312493	-1.060857	-0.8181954	0.7726902	0.42647246	1.3406413	1.3182553	1.8187205	-0.9819562	-1.2999084	1.2408507	1.7280623	-1.146417	3.1179342	0.55167586	-0.77324605	-1.1522582	-2.4723766	1.0895933	0.32865205	-0.28582525	-2.3645847	-1.6883978	1.6976856	-1.956141	0.9122874	-0.09123023	2.9085114	0.4828368	-1.2863798	3.4893737	2.356203	0.6283627	1.200152	-0.73297775	0.5192513	1.6550168	0.30583438	-0.08747226	-2.522226	-2.8044865	0.059806686	0.28465796	-1.2128901	0.07874058
12	3.9162202	-0.65516526	0.2167787	1.9713426	-0.32020855	-1.923684	-0.6621996	-1.9251091	-3.606455	-0.32935902	-2.0460684	-0.5185323	-0.9708346	-1.7692509	-0.5140552	1.6736794	-1.194827	-0.92115295	0.8287666	0.55063295	1.4189727	1.3913021	1.9728537	-1.0293347	-1.4041456	1.3113317	1.8484877	-1.2487322	3.3445144	0.6572567	-0.85028625	-1.303059	-2.6581578	1.214649	0.3879484	-0.33147183	-2.509307	-1.8840932	1.8065679	-2.048708	0.89054763	-0.101740405	3.1077335	0.571757	-1.3941365	3.7909157	2.626716	0.659223	1.2709957	-0.827073	0.553528	1.7705976	0.39799523	-0.123535395	-2.7590988	-3.0688553	0.06892498	0.34185317	-1.3768815	0.09801666
13	3.7567494	-0.7217233	0.17534515	1.8927739	-0.25991446	-1.7956392	-0.6767848	-1.8485175	-3.4057899	-0.28452477	-1.9054972	-0.43499768	-0.95517826	-1.5861424	-0.51734203	1.5681435	-1.0840541	-0.8588166	0.80966526	0.43131706	1.4075651	1.3605984	1.8795434	-1.0291176	-1.366239	1.2783403	1.7781311	-1.1661239	3.2425451	0.5536148	-0.79721373	-1.2003309	-2.55532	1.1065909	0.33928472	-0.27196243	-2.4528182	-1.7258121	1.7640557	-2.0285869	0.9506225	-0.096749954	3.0128083	0.48419365	-1.3104098	3.6221616	2.4150083	0.66578054	1.2555039	-0.73787993	0.51473206	1.7113252	0.3119189	-0.07900952	-2.6045973	-2.8702297	0.07445432	0.28172153	-1.2244915	0.083971575
14	3.5124965	-0.7479338	0.14543971	1.8032491	-0.2561678	-1.676238	-0.6980139	-1.7762518	-3.1579337	-0.26433355	-1.8432294	-0.3929497	-0.9022916	-1.4261109	-0.45273733	1.4034003	-1.017532	-0.8250326	0.7827145	0.42512923	1.3460479	1.1989325	1.8157458	-0.9484458	-1.2740169	1.2133697	1.6407194	-1.0586385	3.031646	0.5030899	-0.7772139	-1.1394174	-2.3689747	1.0052127	0.37326744	-0.24271172	-2.2612357	-1.6281688	1.6321254	-1.9325593	0.9579106	-0.097141415	2.7764928	0.41658655	-1.1473018	3.3628395	2.3038034	0.6317239	1.147282	-0.69668406	0.46528807	1.6351953	0.25064674	-0.12040355	-2.3581867	-2.6595058	0.019129734	0.26835236	-1.0669961	0.010236486
15	3.8774567	-0.77861893	0.15208516	1.9773805	-0.29109094	-1.9005065	-0.7499174	-1.9468237	-3.5216103	-0.3281782	-2.0399396	-0.49846637	-0.9739749	-1.6677063	-0.49069732	1.5650312	-1.1004876	-0.9524541	0.88108295	0.5175621	1.4404426	1.3663774	1.997324	-1.0067443	-1.4187515	1.338482	1.8136152	-1.1543516	3.3123472	0.56970924	-0.82709396	-1.2876453	-2.6365967	1.2071143	0.3747226	-0.30940086	-2.489853	-1.8720887	1.8117017	-2.112647	0.99689966	-0.091817915	3.020854	0.48929432	-1.3252233	3.695166	2.5771067	0.7051057	1.2819622	-0.7686736	0.52049005	1.7603647	0.34686822	-0.11167828	-2.6298037	-2.9281552	0.014460201	0.33193663	-1.22397	0.09564663
16	3.8621588	-0.77530986	0.1639556	1.9717389	-0.28943065	-1.8717574	-0.7428487	-1.930082	-3.486405	-0.28539383	-2.009007	-0.46831223	-0.9841082	-1.6373256	-0.5207224	1.6121047	-1.1198756	-0.9024319	0.8559586	0.47947007	1.4677767	1.3598517	1.9928242	-1.0358582	-1.3977197	1.338555	1.8241559	-1.186842	3.353689	0.55971056	-0.8433809	-1.2764307	-2.634848	1.1601462	0.36619526	-0.3098255	-2.5055175	-1.811869	1.7990097	-2.1098046	1.0051003	-0.1088961	3.086389	0.49737844	-1.3387898	3.7138894	2.5448513	0.6908079	1.2811573	-0.7786975	0.51763266	1.7762027	0.3247237	-0.111038476	-2.659822	-2.9504514	0.026314473	0.31103563	-1.2517496	0.059314076
17	4.0922227	-0.8122942	0.16872612	2.1048157	-0.30893523	-1.9836594	-0.7838588	-2.0224028	-3.7290862	-0.33190906	-2.1279054	-0.4749423	-1.0529375	-1.7530004	-0.5447663	1.7291427	-1.1999136	-0.9686875	0.91787046	0.51503956	1.5848849	1.4511632	2.0670424	-1.1158519	-1.5159794	1.4319621	1.9072664	-1.2587171	3.5328505	0.61146975	-0.8247026	-1.3588561	-2.8146133	1.241511	0.3809313	-0.33983576	-2.6880794	-2.0105042	1.899048	-2.2712543	1.0781206	-0.15093713	3.2951632	0.52828735	-1.4452305	3.9740021	2.690009	0.74327266	1.4187422	-0.78411824	0.55867946	1.9046577	0.3711266	-0.12105282	-2.844224	-3.1643095	0.04905726	0.32267576	-1.3091745	0.08015184
18	3.9964423	-0.81474876	0.15134546	2.0473082	-0.3225915	-1.9077803	-0.7468183	-1.9721081	-3.619589	-0.30491346	-2.0783513	-0.4713512	-1.0233655	-1.732686	-0.5606521	1.6729757	-1.1594342	-0.91790974	0.8704024	0.4828723	1.4894428	1.4385014	2.033703	-1.1169114	-1.4606076	1.3703591	1.9023832	-1.2387515	3.4609349	0.5797992	-0.84303755	-1.3042011	-2.758275	1.2195072	0.35415912	-0.32992992	-2.624655	-1.8612381	1.8693004	-2.1982925	1.0305935	-0.11936354	3.2066557	0.52194804	-1.402738	3.865667	2.6150508	0.7151207	1.3414767	-0.8420104	0.5635554	1.8113538	0.37800053	-0.10924318	-2.781329	-3.0732396	0.07375649	0.31993985	-1.2937968	0.10065772
19	3.6540813	-0.7826179	0.16813959	1.874451	-0.24226372	-1.7242203	-0.73488015	-1.8468174	-3.286127	-0.2951426	-1.9169828	-0.37582332	-0.9357081	-1.4723952	-0.4660369	1.4621624	-1.0688225	-0.86224455	0.8134157	0.42323264	1.415628	1.2715732	1.8596628	-0.9945006	-1.3341613	1.2555747	1.7026956	-1.0942932	3.1395054	0.53163224	-0.8282863	-1.1521349	-2.4431336	1.0224657	0.37704948	-0.22301291	-2.362663	-1.7108349	1.6886142	-1.9979179	1.0061618	-0.12690787	2.9054542	0.42060745	-1.1786741	3.5125468	2.3721523	0.6536074	1.2177262	-0.67904985	0.4707306	1.7316455	0.23954256	-0.101894654	-2.450999	-2.7568405	0.026335472	0.26175597	-1.0863357	0.005641158
20	3.7553773	-0.7501405	0.1513318	1.941246	-0.30213794	-1.8053576	-0.72141564	-1.8764024	-3.3981762	-0.28164577	-1.9651576	-0.44476858	-0.9646719	-1.5945071	-0.52860355	1.5463861	-1.0951482	-0.8749653	0.84105456	0.4659459	1.4253433	1.3330314	1.9199394	-1.035886	-1.3626512	1.3017918	1.7867595	-1.1498458	3.2527144	0.56376934	-0.8083067	-1.2397336	-2.5749745	1.1321535	0.35531402	-0.3085303	-2.4630842	-1.7586092	1.757741	-2.066463	0.9767441	-0.11025621	3.0002394	0.4803078	-1.2857183	3.6336808	2.4650483	0.668001	1.2484665	-0.7704759	0.5053185	1.7205471	0.33367333	-0.12088613	-2.5870175	-2.87096	0.052949622	0.3013406	-1.2062137	0.065661095
21	3.7370741	-0.741435	0.15277117	1.9004753	-0.2924153	-1.7853178	-0.71212596	-1.8391215	-3.3702288	-0.2840716	-1.911607	-0.4248283	-0.95979786	-1.5743474	-0.50043446	1.5463417	-1.0908364	-0.86063856	0.83345324	0.44823217	1.405424	1.3510847	1.8897818	-1.0341935	-1.3659445	1.2881317	1.7759345	-1.1465468	3.221559	0.53924847	-0.8042781	-1.1967556	-2.5550628	1.1220722	0.34290978	-0.2798134	-2.4468677	-1.7292519	1.7532525	-2.0330458	0.96175677	-0.11371821	2.9923315	0.47778404	-1.3008875	3.6097233	2.4238749	0.663702	1.2670542	-0.75146294	0.4963853	1.7182958	0.33082584	-0.09063294	-2.5869758	-2.835494	0.070358574	0.28505838	-1.1987447	0.09165556
22	3.883983	-0.8013828	0.16813564	2.0037847	-0.31342512	-1.8884742	-0.8110076	-1.9629483	-3.5018506	-0.28709835	-2.0503113	-0.478686	-1.0258713	-1.6816067	-0.48146766	1.6081558	-1.098738	-0.9184854	0.87758327	0.48081392	1.4945954	1.380727	1.9950682	-1.0927618	-1.4121699	1.3441713	1.834878	-1.1680405	3.334931	0.52594537	-0.8539057	-1.2721777	-2.6493735	1.1765859	0.37366053	-0.29776964	-2.518003	-1.8887829	1.8572774	-2.174663	1.0069723	-0.10143149	3.1034136	0.47714362	-1.3290217	3.7624216	2.5382807	0.6792244	1.3127831	-0.80535585	0.51518804	1.7839718	0.35130802	-0.092426576	-2.6882865	-2.974816	0.02598174	0.33053112	-1.2272489	0.058135338
23	3.633975	-0.764926	0.15956017	1.8764223	-0.2627087	-1.7385508	-0.73300505	-1.8342764	-3.2720928	-0.2882071	-1.910166	-0.40138888	-0.93125135	-1.5058771	-0.48815757	1.483149	-1.0417637	-0.85605234	0.81876415	0.42087325	1.4035075	1.2786368	1.853487	-1.0104723	-1.3435743	1.2618461	1.6995345	-1.0776521	3.1384516	0.52023476	-0.7749636	-1.156901	-2.4825768	1.0510275	0.35824767	-0.2543975	-2.3787332	-1.7128026	1.6974245	-2.0179076	0.9948962	-0.11650676	2.912994	0.43041876	-1.2236261	3.494813	2.3765097	0.66464764	1.2346774	-0.70417356	0.47722697	1.700165	0.2694341	-0.1066928	-2.4853017	-2.7592049	0.039500706	0.28619632	-1.1019038	0.034969725
24	3.8011553	-0.74938494	0.1662083	1.9248807	-0.28024045	-1.8153813	-0.7171194	-1.8838476	-3.43057	-0.28102577	-1.9642321	-0.44260034	-0.96920824	-1.6054635	-0.5235844	1.5907111	-1.1133753	-0.8684289	0.8258675	0.45864806	1.4335446	1.3486441	1.9395444	-1.0420202	-1.3748378	1.3033798	1.804983	-1.1808252	3.2960517	0.5558144	-0.82497233	-1.2350771	-2.5862746	1.1282834	0.36136743	-0.2947033	-2.465415	-1.7655411	1.763718	-2.0646267	0.9721684	-0.113623135	3.0521197	0.4969776	-1.3179432	3.6617312	2.482738	0.67450345	1.2656204	-0.7677243	0.5049898	1.7541397	0.32052448	-0.10666937	-2.6284935	-2.9126124	0.050884657	0.29752886	-1.232972	0.064474165
25	3.7160647	-0.7548317	0.15626252	1.9358214	-0.26267314	-1.7970082	-0.7198204	-1.8725948	-3.3611298	-0.27981386	-1.951907	-0.43882033	-0.93801767	-1.5398109	-0.47741538	1.5164846	-1.0845171	-0.90102184	0.8410323	0.4715915	1.424108	1.2908221	1.9254817	-0.98692405	-1.3385537	1.2919664	1.7319083	-1.1401656	3.2188444	0.53501326	-0.855331	-1.2353265	-2.523629	1.1095117	0.37375665	-0.2747913	-2.4071553	-1.7466065	1.7287838	-2.0136213	0.9993554	-0.09873968	2.9459372	0.45738724	-1.2615756	3.570354	2.4443252	0.6636258	1.2331698	-0.7208037	0.46882743	1.7181305	0.29632542	-0.09446547	-2.5332987	-2.798529	0.016100843	0.2720168	-1.1618732	0.04972452
26	3.8913736	-0.7659267	0.16535635	1.9942355	-0.33145434	-1.8945225	-0.7424935	-1.9221722	-3.5317369	-0.3324796	-2.051441	-0.46497682	-0.96879673	-1.710288	-0.5154469	1.6433797	-1.1440794	-0.902091	0.8508779	0.5131091	1.4417298	1.4080497	1.9955276	-1.052699	-1.434176	1.3057636	1.8240994	-1.21748	3.3343036	0.5773681	-0.8450372	-1.2661178	-2.6611502	1.1914604	0.36781436	-0.3244038	-2.5429082	-1.8756834	1.8221134	-2.1183345	0.9577489	-0.14633277	3.1170654	0.52300537	-1.345941	3.795589	2.6111853	0.6413773	1.3063006	-0.837714	0.53762317	1.7915746	0.39351937	-0.100888446	-2.7262325	-3.0107336	0.057568755	0.33657643	-1.2766812	0.08995837
27	4.0345697	-0.80032563	0.17211945	2.0627394	-0.32501966	-1.9843326	-0.7372012	-1.9741354	-3.6766798	-0.31418848	-2.0861967	-0.5008769	-1.0145135	-1.744365	-0.5453217	1.6972858	-1.1579078	-0.93320435	0.89345115	0.5362457	1.5160307	1.465755	2.0703712	-1.0714724	-1.4808333	1.394399	1.8939068	-1.2570883	3.4614515	0.58306676	-0.8409063	-1.3341827	-2.7638903	1.2141536	0.36333045	-0.34789872	-2.6537976	-1.9312994	1.9227158	-2.2000027	0.9979637	-0.14227203	3.2212317	0.5364227	-1.4182879	3.935548	2.702471	0.7064257	1.366448	-0.8388545	0.57532996	1.8481661	0.38469145	-0.086544774	-2.817735	-3.1081202	0.050111372	0.33211836	-1.3423448	0.10933153
28	3.6145604	-0.763141	0.15971942	1.8183742	-0.25674614	-1.7050562	-0.7136026	-1.8020077	-3.240445	-0.30860722	-1.8796607	-0.38054487	-0.9090867	-1.4803743	-0.46955848	1.467005	-1.0542109	-0.8511816	0.79522526	0.42542836	1.3799791	1.2520137	1.8297577	-0.9804517	-1.3319702	1.2242229	1.6858113	-1.0857513	3.0909562	0.53164804	-0.80233943	-1.1395823	-2.4185095	1.0284151	0.35585102	-0.23209462	-2.3164756	-1.6850978	1.647328	-1.9572384	0.9669559	-0.12979901	2.8575144	0.4369446	-1.1828228	3.4655175	2.353564	0.63559574	1.2062479	-0.68580145	0.49036843	1.6996541	0.25243714	-0.1064484	-2.4307418	-2.736245	0.038185727	0.28578594	-1.110343	0.022049973
29	3.4850976	-0.6958616	0.13948068	1.7942225	-0.25690868	-1.6820462	-0.66803074	-1.7570994	-3.1219244	-0.27741933	-1.8127121	-0.42543733	-0.8851568	-1.4948701	-0.4721448	1.4544557	-0.9925768	-0.81371534	0.799794	0.42599776	1.3059202	1.2681565	1.7839007	-0.9552865	-1.2576609	1.2251593	1.643988	-1.0802313	2.969094	0.49896976	-0.76878077	-1.1108465	-2.382173	1.0585628	0.32375824	-0.28171915	-2.2731102	-1.6643993	1.6306343	-1.9142071	0.91465026	-0.106853195	2.7803473	0.42585722	-1.2123995	3.376868	2.320192	0.6138302	1.172054	-0.7024021	0.50205815	1.6246563	0.2781825	-0.09007765	-2.4153242	-2.6760182	0.021239262	0.30604118	-1.143066	0.05836447
30	3.7211323	-0.72471696	0.1547458	1.900908	-0.28507236	-1.796487	-0.6779048	-1.8424277	-3.373065	-0.2864464	-1.9415221	-0.4440833	-0.92743564	-1.6038021	-0.5249881	1.5608933	-1.0883842	-0.85201776	0.8080296	0.47288206	1.3844997	1.3212614	1.903609	-1.0205427	-1.3491099	1.2594992	1.7695926	-1.1580051	3.2281299	0.55776554	-0.81130975	-1.2332063	-2.548173	1.1226367	0.35057455	-0.30319703	-2.4269152	-1.7330569	1.7449634	-2.0184975	0.9350129	-0.09687255	2.9820044	0.4935539	-1.2924861	3.6019104	2.4482048	0.6494771	1.2296572	-0.78371304	0.51149374	1.694044	0.3359166	-0.10415146	-2.5767024	-2.8593566	0.055670917	0.299193	-1.2249433	0.071530715
31	3.8991666	-0.72738975	0.18203552	1.9792957	-0.30492768	-1.8690971	-0.70278126	-1.9399908	-3.5541747	-0.31133273	-2.0109596	-0.44244042	-0.9989064	-1.7046635	-0.5219739	1.6417994	-1.1662987	-0.91676	0.8687383	0.48397452	1.4638397	1.4075291	1.9556414	-1.0702119	-1.4124094	1.3368189	1.8631457	-1.2014772	3.365103	0.62542504	-0.8664318	-1.2862546	-2.646841	1.2018787	0.3705396	-0.29951262	-2.5352683	-1.8423306	1.8044674	-2.0856106	0.9913599	-0.10408797	3.1220357	0.50103956	-1.352797	3.7781086	2.5265968	0.68015087	1.3121393	-0.75191265	0.52648264	1.7924612	0.34753174	-0.10369173	-2.6963818	-3.0048597	0.0664247	0.29114947	-1.2845409	0.08696963
32	3.7716508	-0.7257603	0.16402037	1.9032513	-0.2867014	-1.8565692	-0.6591203	-1.8515532	-3.4405143	-0.28970563	-1.9652677	-0.45656228	-0.93519515	-1.6489106	-0.4952011	1.6112572	-1.121722	-0.8765173	0.81660867	0.48865503	1.3987427	1.3516253	1.9272047	-0.97767043	-1.3654249	1.2783258	1.7755195	-1.1903527	3.272706	0.56772923	-0.8145727	-1.2607027	-2.5577009	1.1568738	0.34023523	-0.31173322	-2.4609241	-1.7810701	1.7473203	-2.0185676	0.93399376	-0.11744194	3.025281	0.5100725	-1.3313382	3.652365	2.4889612	0.64418405	1.2566173	-0.7670617	0.5152451	1.7198855	0.3728797	-0.10336844	-2.624639	-2.8953643	0.04619666	0.2772765	-1.2724069	0.08484273
33	3.656245	-0.71904564	0.14668581	1.9197581	-0.26022285	-1.725754	-0.73489416	-1.8575647	-3.312387	-0.2570018	-1.9023565	-0.39689597	-0.9754364	-1.5514925	-0.5255345	1.506512	-1.0930693	-0.8686864	0.8335383	0.42248583	1.4187039	1.3175629	1.8415427	-1.0668359	-1.2947547	1.3085743	1.7350993	-1.1528507	3.1921413	0.5777321	-0.82617414	-1.2036506	-2.5041773	1.1099533	0.3449096	-0.294409	-2.4128964	-1.7291231	1.7098082	-2.0054922	0.98570305	-0.1182459	2.9437454	0.4357946	-1.2722617	3.574108	2.3394916	0.6647956	1.2400844	-0.7074214	0.49809614	1.70091	0.29651332	-0.09046523	-2.5192087	-2.8016098	0.058731534	0.28994036	-1.1835178	0.066992074
34	3.496416	-0.77501863	0.14723669	1.811895	-0.23224641	-1.6277213	-0.7436321	-1.7944418	-3.127379	-0.28274947	-1.841896	-0.3608117	-0.8945126	-1.3506488	-0.44109824	1.3616508	-0.9977857	-0.8392824	0.7869749	0.39900002	1.3713301	1.1740681	1.7907361	-0.9547787	-1.2832816	1.2181379	1.6125066	-1.0305204	3.0130982	0.49760547	-0.78568935	-1.117405	-2.3363094	0.9713589	0.37417954	-0.20830959	-2.2434387	-1.6261146	1.6044173	-1.9441303	1.0043135	-0.113664255	2.7554393	0.3786012	-1.0960488	3.3299732	2.27172	0.64857453	1.1442261	-0.6429765	0.43649867	1.6494998	0.2101416	-0.113481626	-2.2993932	-2.6173038	0.012148408	0.25814617	-0.9869891	-0.010956593
35	3.9404516	-0.79733765	0.15244997	2.0178177	-0.28888032	-1.8686419	-0.74757934	-1.9503409	-3.573634	-0.29443508	-2.040713	-0.46628028	-1.0293567	-1.6607531	-0.5712547	1.6237326	-1.1261269	-0.91122717	0.8851899	0.46905062	1.5159209	1.3940239	2.0006154	-1.0980964	-1.4294347	1.3738396	1.8701936	-1.1938336	3.4156418	0.5647858	-0.8261741	-1.305597	-2.6961534	1.1900839	0.35194522	-0.31931743	-2.5722327	-1.8579253	1.8275354	-2.1788673	1.0312313	-0.10905191	3.1485279	0.47664604	-1.3593526	3.818412	2.5344057	0.7323427	1.3238585	-0.7690377	0.52804065	1.7818191	0.3453109	-0.106917486	-2.7079387	-3.0072849	0.06145544	0.3069172	-1.2390159	0.08519521
36	3.7244399	-0.72573644	0.15801752	1.8951943	-0.28056988	-1.8112712	-0.67414176	-1.8388245	-3.3840663	-0.29314652	-1.9425491	-0.4397061	-0.94638574	-1.6310493	-0.4985023	1.578319	-1.1032892	-0.8530032	0.8061262	0.47215733	1.3883735	1.3205707	1.8968306	-1.0155059	-1.346402	1.2663375	1.7672192	-1.1628388	3.2090857	0.56321305	-0.81171	-1.2208451	-2.5420704	1.1282966	0.35407218	-0.30484557	-2.4225783	-1.7690905	1.7381783	-2.016293	0.932504	-0.10747008	2.9824533	0.5005057	-1.2997876	3.608926	2.4465249	0.63878083	1.255944	-0.7641747	0.5315614	1.7169963	0.33068123	-0.11362104	-2.5846124	-2.8800657	0.03833696	0.29599726	-1.2473754	0.06396627
37	3.8079789	-0.73228353	0.1722407	1.9500995	-0.31150848	-1.860678	-0.6841116	-1.8845822	-3.473747	-0.2789289	-1.9664989	-0.44701248	-0.97631776	-1.6363388	-0.50380594	1.6020228	-1.1261803	-0.89222854	0.8642824	0.5042717	1.436954	1.3737898	1.9590939	-1.0149801	-1.3729752	1.3235703	1.815956	-1.1946185	3.3033822	0.5738468	-0.83879954	-1.2871159	-2.5967495	1.1688526	0.36772743	-0.31792253	-2.4966564	-1.8046647	1.7948979	-2.0524256	0.9660407	-0.10618857	3.0575867	0.49278778	-1.329868	3.7130525	2.5223656	0.66461504	1.282349	-0.76877123	0.5132505	1.7458608	0.36124125	-0.09209565	-2.6476824	-2.9369833	0.06329091	0.28085887	-1.2598166	0.09087097
38	3.8553905	-0.7858136	0.13881753	1.9592276	-0.31513467	-1.8427439	-0.7159453	-1.9040736	-3.4572456	-0.3090916	-2.0023913	-0.44913432	-0.95536447	-1.6465034	-0.5114507	1.5839305	-1.1195279	-0.8949954	0.8315324	0.5074423	1.4238843	1.3526961	1.9900689	-1.0615335	-1.4095582	1.2943083	1.824857	-1.1870683	3.3162994	0.5473144	-0.8572793	-1.262372	-2.6262465	1.1575855	0.3590927	-0.2874958	-2.4882975	-1.7784004	1.796902	-2.090162	0.9830393	-0.097613	3.049705	0.5058358	-1.3259295	3.7036798	2.541026	0.6728493	1.2723548	-0.8193096	0.5302623	1.7446126	0.3495971	-0.09562618	-2.6423645	-2.9184859	0.060642723	0.3070125	-1.2367531	0.08137888
39	3.5080042	-0.7250988	0.14292999	1.8013456	-0.24640746	-1.6665796	-0.693296	-1.7656094	-3.1499116	-0.2704709	-1.8270974	-0.39253256	-0.8793818	-1.4126604	-0.44881883	1.4221834	-1.0206212	-0.8309078	0.76680946	0.43609625	1.3452163	1.2070588	1.8038945	-0.94525343	-1.2838824	1.2112932	1.6255689	-1.0710977	3.0499918	0.50200063	-0.76543117	-1.1539776	-2.364831	1.0190036	0.35153395	-0.23796861	-2.2677324	-1.6329527	1.6209664	-1.9311739	0.9467568	-0.10819718	2.7942436	0.42092857	-1.1782883	3.3569045	2.297783	0.63570935	1.156881	-0.67886996	0.43662438	1.6200128	0.2740103	-0.0974297	-2.3660908	-2.6477678	0.033823214	0.2561273	-1.0638126	0.03496954
40	3.5340524	-0.679023	0.17028208	1.7967302	-0.29305333	-1.7273847	-0.65801597	-1.752403	-3.1912997	-0.26701665	-1.841588	-0.43155816	-0.8813805	-1.5435585	-0.46592063	1.5146183	-1.043979	-0.81560665	0.7715201	0.46446902	1.3120928	1.2829701	1.8163548	-0.9666009	-1.2897199	1.2095011	1.6826036	-1.1003721	3.0670085	0.5250834	-0.7746268	-1.162212	-2.4197145	1.0728176	0.32665554	-0.28084606	-2.3140025	-1.6579508	1.6706839	-1.9143054	0.87118036	-0.1100884	2.8594825	0.47692192	-1.2588849	3.4276242	2.366763	0.61025006	1.1910373	-0.7552625	0.47958255	1.6216676	0.33388475	-0.08071477	-2.4799104	-2.7320325	0.06316218	0.29133934	-1.1894277	0.07866149
41	3.6105027	-0.7130791	0.17341565	1.8336786	-0.26006606	-1.7516623	-0.6690875	-1.7914435	-3.2813125	-0.2747585	-1.8912057	-0.39113626	-0.91105175	-1.5571057	-0.50429934	1.5204977	-1.0616313	-0.8242971	0.8113178	0.44139692	1.36358	1.3129656	1.8470887	-0.97577095	-1.3107519	1.2254417	1.723484	-1.1074104	3.1189866	0.5340749	-0.8198297	-1.1781752	-2.4400287	1.0669141	0.35510874	-0.27912337	-2.3638153	-1.7089566	1.7039149	-1.9412621	0.91503066	-0.12414812	2.9105206	0.4559791	-1.2160593	3.5249221	2.3674233	0.6160865	1.228309	-0.71231997	0.4808517	1.6997143	0.29529622	-0.09070436	-2.498135	-2.7734816	0.03201879	0.27256358	-1.1796291	0.04945928
42	3.9050624	-0.7193291	0.19277523	1.9453434	-0.31198627	-1.894321	-0.70059925	-1.9059465	-3.5351098	-0.31843385	-1.9872857	-0.46360448	-0.9555025	-1.7124894	-0.49996454	1.6630446	-1.1359154	-0.9103328	0.85134727	0.49491334	1.4205217	1.4403872	1.9713662	-1.0317315	-1.430773	1.3031301	1.8512101	-1.2221323	3.3372915	0.5689016	-0.8786669	-1.262756	-2.6412468	1.1949916	0.3428686	-0.29249817	-2.5263755	-1.8168609	1.8334233	-2.057557	0.9378159	-0.11543063	3.1182873	0.53473455	-1.3682302	3.7724822	2.570004	0.6574964	1.3064042	-0.7986893	0.5354523	1.7795938	0.37702373	-0.06738686	-2.7378309	-2.9793243	0.062160723	0.3119781	-1.3239427	0.1173418
43	3.5594509	-0.7488423	0.1347755	1.8009315	-0.2786906	-1.7163883	-0.6912719	-1.7685654	-3.219022	-0.297447	-1.8490034	-0.41219947	-0.899884	-1.474736	-0.45278624	1.4589869	-1.0117993	-0.8458449	0.79345477	0.42057237	1.3828981	1.2242352	1.8105236	-0.93943053	-1.3213154	1.2225387	1.6474924	-1.0716803	3.0679429	0.52212554	-0.7417889	-1.1629995	-2.4114368	1.0598587	0.31904575	-0.26783422	-2.3073344	-1.6859682	1.6123086	-1.9584004	0.97102904	-0.102738865	2.827058	0.44002372	-1.200645	3.4103668	2.3085032	0.6312214	1.1779655	-0.6784377	0.47068894	1.615469	0.3180527	-0.108207926	-2.4242072	-2.6838377	0.049413875	0.2653486	-1.0850444	0.059869487
44	3.8342283	-0.7937331	0.1548734	1.9687692	-0.3031138	-1.8616115	-0.72150207	-1.8829969	-3.488966	-0.31547818	-2.0078657	-0.49391448	-0.9509534	-1.6462238	-0.5228272	1.6188827	-1.1082625	-0.9041232	0.8531306	0.46563634	1.4388556	1.3533391	1.9419657	-1.0262041	-1.4057606	1.3167179	1.8060675	-1.1834891	3.2947376	0.5771019	-0.8089024	-1.2619632	-2.656989	1.1637826	0.34234303	-0.33873427	-2.5024846	-1.7986219	1.7770486	-2.1020076	1.0088228	-0.10986789	3.0546548	0.50575286	-1.3298458	3.7030554	2.548628	0.67252034	1.2613199	-0.8133123	0.5635414	1.7432941	0.3403407	-0.13410205	-2.6501353	-2.966288	0.04622461	0.33305308	-1.2566935	0.06997154
45	3.9650764	-0.7976313	0.16987194	2.009934	-0.33051947	-1.9369054	-0.76090074	-1.9593816	-3.5690808	-0.3028259	-2.0517268	-0.48052853	-1.0108769	-1.7009392	-0.53074104	1.65972	-1.1425902	-0.91597974	0.90369564	0.507004	1.4950094	1.421617	2.0604913	-1.063965	-1.455635	1.364712	1.888232	-1.1864942	3.4280066	0.5590521	-0.85891443	-1.3020129	-2.7176802	1.1996641	0.3762134	-0.31658754	-2.5800104	-1.8539021	1.8674473	-2.1646218	1.0111337	-0.11347438	3.1771646	0.5152637	-1.3710923	3.827022	2.6348922	0.70229924	1.3414733	-0.82031095	0.5335951	1.8260723	0.34954938	-0.10970576	-2.7464318	-3.0223951	0.036391366	0.3254562	-1.2825071	0.0783762
46	3.9498448	-0.78123	0.170328	1.9978178	-0.32222915	-1.9147569	-0.7390983	-1.941341	-3.5846558	-0.30379713	-2.0595715	-0.45376047	-0.98861915	-1.7308679	-0.55057013	1.6836605	-1.1623269	-0.91070664	0.86926335	0.49721405	1.4796292	1.4294882	2.0224488	-1.0858722	-1.4492935	1.341192	1.8801019	-1.2174745	3.4369872	0.5816217	-0.8525248	-1.305807	-2.7050118	1.2008593	0.3549525	-0.32725188	-2.5863874	-1.8527014	1.8449173	-2.1339374	0.99446964	-0.13143303	3.1912072	0.5241727	-1.3887937	3.8366346	2.5998926	0.69328314	1.3416317	-0.8227429	0.5314395	1.8137785	0.3818777	-0.10022475	-2.7620444	-3.0297017	0.066543646	0.31428608	-1.3006562	0.09931688
47	3.8934464	-0.7618476	0.18236765	1.947028	-0.28609395	-1.868329	-0.72821534	-1.9201002	-3.524261	-0.30443373	-1.9906211	-0.4377258	-0.9756045	-1.6456158	-0.51264215	1.6310414	-1.1339848	-0.90311587	0.8370839	0.4561462	1.4570882	1.3935843	1.9651332	-1.0404291	-1.427282	1.3149105	1.8362386	-1.2083793	3.3643663	0.5735307	-0.84090275	-1.2543594	-2.632242	1.151277	0.35375214	-0.28711066	-2.5229895	-1.7972091	1.8034995	-2.091626	0.9924309	-0.12121143	3.11321	0.5191061	-1.3402718	3.7337058	2.5286865	0.68143	1.2982461	-0.7681463	0.5237262	1.7915834	0.33814615	-0.097327136	-2.6867461	-2.9626858	0.06112003	0.2939103	-1.2688384	0.078862645
48	3.736345	-0.7844414	0.16512148	1.8868597	-0.27133715	-1.7959844	-0.7267019	-1.8678128	-3.3333783	-0.3099822	-1.9410301	-0.42329714	-0.9343516	-1.5464932	-0.4733515	1.5436802	-1.0864005	-0.86661565	0.8247272	0.45011157	1.409311	1.3263779	1.9177233	-0.9933831	-1.3762941	1.2725185	1.749239	-1.134257	3.21202	0.5364111	-0.8219035	-1.1680582	-2.528906	1.0801374	0.36004218	-0.24521025	-2.4202666	-1.73927	1.7277286	-2.036451	0.99005187	-0.12746768	2.9901874	0.47612625	-1.269236	3.5765226	2.4813108	0.65449893	1.246832	-0.7440442	0.50838524	1.7588989	0.27659264	-0.094508275	-2.5531888	-2.8376887	0.035624646	0.29585055	-1.1684229	0.03160061
49	3.8718407	-0.7465603	0.17558242	1.9533492	-0.2924322	-1.868171	-0.7178596	-1.9153712	-3.5112984	-0.28751546	-1.9983429	-0.45163214	-0.97271484	-1.6596582	-0.5297398	1.639119	-1.1331215	-0.88996327	0.8399473	0.4722623	1.4438547	1.3905932	1.9659424	-1.0562238	-1.4049	1.321737	1.8401076	-1.2098333	3.3651025	0.56863916	-0.82796395	-1.2685716	-2.6378987	1.1646695	0.35793883	-0.31107742	-2.5221124	-1.799958	1.8072155	-2.0908632	0.9775186	-0.110861674	3.1171515	0.50587046	-1.3620048	3.7370336	2.5319319	0.6841879	1.2922176	-0.79271275	0.51629233	1.7742301	0.3536919	-0.10427198	-2.6952608	-2.972267	0.064919844	0.3038562	-1.2784501	0.085855074
50	3.8815255	-0.7642958	0.16158387	1.9933915	-0.28932008	-1.8904165	-0.7403141	-1.937235	-3.520434	-0.29435605	-2.0105054	-0.45782194	-0.9722692	-1.6107826	-0.49410087	1.6062825	-1.1469811	-0.91354984	0.8334741	0.52685785	1.4628116	1.3287512	2.0163038	-1.0200808	-1.4162357	1.3443173	1.8119105	-1.2169889	3.3754742	0.58199143	-0.8180744	-1.3209507	-2.6447225	1.1505998	0.4098749	-0.3221505	-2.5074968	-1.8385502	1.8223345	-2.133296	1.0046636	-0.11685885	3.0845406	0.52516365	-1.3311265	3.7155373	2.605255	0.6943365	1.2860844	-0.79009193	0.5247382	1.8017985	0.3228532	-0.14116484	-2.6396413	-2.9914975	0.013197204	0.30704826	-1.2597804	0.045804355
51	3.7864358	-0.75710136	0.16741358	1.9255421	-0.2637649	-1.8049077	-0.7179264	-1.8934333	-3.4310548	-0.28406423	-1.9597063	-0.4325441	-0.9799291	-1.5773597	-0.5190202	1.5579183	-1.1020933	-0.87458986	0.8287033	0.4454996	1.4384077	1.3257902	1.9146255	-1.0462261	-1.365964	1.3075403	1.7920076	-1.1633652	3.2808998	0.5652643	-0.8064258	-1.2261528	-2.5714202	1.1137736	0.37479356	-0.2826174	-2.4548225	-1.7665749	1.7603298	-2.0665696	0.99060017	-0.09757081	3.022586	0.46390238	-1.2969176	3.6435544	2.4482238	0.683053	1.2572472	-0.7421723	0.50959	1.7447953	0.29468152	-0.11333322	-2.5888026	-2.9053376	0.056399725	0.29596066	-1.2014849	0.05195876
52	3.9476182	-0.7949897	0.16287546	2.0008667	-0.296857	-1.9087306	-0.7221086	-1.9541223	-3.5750232	-0.295521	-2.027448	-0.46463853	-1.0115752	-1.6843828	-0.5408152	1.6471045	-1.138025	-0.9003257	0.8650043	0.47903544	1.4872502	1.4153624	2.0181496	-1.0715214	-1.4294568	1.354581	1.8751813	-1.2148827	3.4125752	0.57405156	-0.8492722	-1.2811232	-2.6876392	1.1758631	0.36431092	-0.3117793	-2.5735066	-1.8308696	1.8535671	-2.1414711	1.0100503	-0.10641273	3.152935	0.5030728	-1.3690983	3.8139162	2.5741854	0.6943822	1.3198193	-0.79523695	0.5480451	1.8096589	0.33371332	-0.09646329	-2.7234614	-3.0179095	0.0474008	0.30205965	-1.2870111	0.079910785
53	3.1315699	-0.7353824	0.11914383	1.6389102	-0.18612684	-1.4236571	-0.70213354	-1.6475071	-2.7914028	-0.2826514	-1.6652962	-0.2621672	-0.8067484	-1.1347357	-0.36167833	1.1357144	-0.90117526	-0.77016646	0.70484406	0.35211566	1.2590721	1.0135849	1.5991677	-0.84467274	-1.1652085	1.0869116	1.4050536	-0.9018189	2.6755846	0.46436474	-0.71666944	-0.9833604	-2.039887	0.8218885	0.3706981	-0.1347027	-1.994849	-1.4801584	1.4173288	-1.7661716	0.96034306	-0.12167641	2.4235091	0.2994573	-0.8900019	2.9644468	2.0127158	0.58436567	1.008556	-0.51657975	0.37587965	1.51073	0.14180216	-0.11170373	-1.9659332	-2.3038144	-0.006007312	0.2022404	-0.785506	-0.05976705
54	3.2222934	-0.7303408	0.14813696	1.6773775	-0.1833775	-1.473857	-0.7031662	-1.6914829	-2.8617616	-0.2653337	-1.7029994	-0.31580505	-0.8340879	-1.2024088	-0.37156248	1.2174826	-0.9268737	-0.7853397	0.7115586	0.3448634	1.2647148	1.0673671	1.6380895	-0.8750136	-1.1700492	1.1253734	1.4707955	-0.9530067	2.7487452	0.4661902	-0.7604536	-0.9791384	-2.1204126	0.8599468	0.37738833	-0.14232074	-2.0433307	-1.4913446	1.4680564	-1.7837279	0.95856434	-0.10359659	2.5140631	0.32786316	-0.97539407	3.0328965	2.085152	0.5892831	1.0338295	-0.55660564	0.39442542	1.554695	0.12899913	-0.10260501	-2.0831344	-2.4054348	-0.009065794	0.22964619	-0.87221164	-0.05119329
55	2.93241	-0.70274734	0.10399452	1.5549834	-0.17853935	-1.3332275	-0.6609917	-1.5460489	-2.6036448	-0.26749244	-1.5689088	-0.24697185	-0.75206476	-1.0487841	-0.3379422	1.0574923	-0.8425678	-0.7282481	0.67112863	0.33833712	1.1850601	0.93375945	1.5093358	-0.7926542	-1.0927825	1.0233892	1.3127673	-0.83941853	2.4957244	0.42648235	-0.68104374	-0.9212259	-1.9213003	0.76729614	0.36265922	-0.12682806	-1.8681126	-1.3890107	1.3273338	-1.6622748	0.91985893	-0.110458426	2.262331	0.26781264	-0.8257921	2.7777185	1.9029942	0.5405699	0.9483487	-0.48447445	0.35044363	1.4227954	0.11429775	-0.11423384	-1.8357887	-2.1622086	-0.014952797	0.19523977	-0.7210606	-0.07009951
56	2.82989	-0.6379551	0.122700036	1.4911909	-0.17377849	-1.3098612	-0.6153466	-1.4802203	-2.5425143	-0.23438837	-1.5035738	-0.26483196	-0.72735953	-1.0589093	-0.3513667	1.0750926	-0.8100082	-0.6851555	0.6537444	0.3163564	1.1159534	0.94836235	1.4527379	-0.7733814	-1.0409046	1.0021776	1.2910606	-0.8426143	2.4222634	0.41064775	-0.63217366	-0.8961966	-1.887181	0.7641109	0.3428054	-0.17004427	-1.8242399	-1.3401012	1.3087353	-1.5962337	0.8530909	-0.102122806	2.2252717	0.27913246	-0.84856844	2.7069979	1.864561	0.52825284	0.92552584	-0.509099	0.35964203	1.3693026	0.13795815	-0.1107632	-1.8384366	-2.1433163	0.003219401	0.21002708	-0.7678539	-0.03660684
57	3.2480755	-0.7213535	0.14157894	1.6914685	-0.2026583	-1.5289801	-0.68891364	-1.6680703	-2.9135349	-0.2629769	-1.7129709	-0.35074398	-0.8279365	-1.2682565	-0.41771212	1.2844113	-0.91391075	-0.7697385	0.73935527	0.36310598	1.2605022	1.1119993	1.66705	-0.8907464	-1.186999	1.1449512	1.4987823	-0.97188693	2.784775	0.45564187	-0.72143126	-1.0254465	-2.1909568	0.90317523	0.34878206	-0.21880881	-2.0971026	-1.5247098	1.51287	-1.8164781	0.9302228	-0.107404724	2.569689	0.35028458	-1.0323737	3.1114862	2.1420162	0.60156345	1.071966	-0.620104	0.43761048	1.543109	0.18413413	-0.10586909	-2.156354	-2.4651728	0.004724587	0.263946	-0.94755745	-0.007759287
58	3.2527652	-0.75122184	0.12724069	1.7053697	-0.1952984	-1.4905005	-0.70932335	-1.6926887	-2.9192705	-0.27034238	-1.7163594	-0.3059805	-0.8542026	-1.1991794	-0.40875632	1.2147287	-0.9273583	-0.77917135	0.74009913	0.3510373	1.2899401	1.0621516	1.6553996	-0.90175825	-1.1877072	1.1426754	1.4898033	-0.9485967	2.7861698	0.47666445	-0.72610575	-1.0199531	-2.159146	0.87099326	0.39108726	-0.18256256	-2.0766654	-1.5106452	1.4932761	-1.8240887	0.9729478	-0.1045999	2.528564	0.3161866	-0.9632007	3.0937269	2.0919254	0.6057061	1.0598112	-0.5728521	0.41361696	1.5659983	0.14138342	-0.12985556	-2.0786881	-2.4387536	-0.00056752004	0.2347616	-0.8693519	-0.04415419
59	2.9959033	-0.7019763	0.10362257	1.587404	-0.16810162	-1.3504108	-0.672809	-1.5877582	-2.6764395	-0.24913931	-1.580504	-0.24345344	-0.7841674	-1.036018	-0.36676872	1.0603479	-0.85846174	-0.74145514	0.6842413	0.33333448	1.2307813	0.935056	1.5388086	-0.81399035	-1.1005766	1.0587595	1.3361406	-0.8597861	2.5829148	0.44457915	-0.67706704	-0.97270495	-1.9446797	0.76938283	0.37733844	-0.13787074	-1.900169	-1.390743	1.3528258	-1.6984797	0.94367474	-0.10472945	2.30187	0.26182118	-0.8273211	2.8347964	1.9008635	0.5746811	0.9560225	-0.47131827	0.34675828	1.4453593	0.109586395	-0.12847099	-1.8441988	-2.191468	-0.019585809	0.18046045	-0.733202	-0.07595661
60	3.3334656	-0.77142996	0.12744093	1.7413785	-0.20437855	-1.5490477	-0.7297494	-1.7310929	-2.9743826	-0.26748425	-1.7639632	-0.33259425	-0.86830395	-1.2466291	-0.4131143	1.269954	-0.9464405	-0.80087507	0.76066506	0.37421903	1.3296353	1.0909188	1.7211131	-0.908849	-1.2178987	1.1801713	1.5251619	-0.9758311	2.8688579	0.47184244	-0.74524164	-1.0637386	-2.2181206	0.9042092	0.3800486	-0.19746411	-2.1312296	-1.56317	1.5259622	-1.8797047	0.99442035	-0.11177651	2.6089242	0.34140226	-1.0144278	3.1673133	2.1673853	0.625972	1.0918454	-0.5941853	0.42306036	1.5989323	0.16211781	-0.12656707	-2.1493	-2.4919457	-0.012493057	0.24303773	-0.91238534	-0.043301854
61	3.159635	-0.7475105	0.10587886	1.6582713	-0.19607314	-1.4436512	-0.6957017	-1.6448125	-2.8091025	-0.2681495	-1.6702023	-0.29625297	-0.8118928	-1.1526657	-0.37934467	1.1610514	-0.88930523	-0.77268493	0.7134723	0.35308433	1.2586839	1.0209982	1.6207275	-0.85528314	-1.1665058	1.1049824	1.4239347	-0.9215783	2.698543	0.44668072	-0.7147844	-1.003872	-2.0818768	0.8444472	0.3591368	-0.16110523	-2.013948	-1.4681495	1.4387115	-1.7852304	0.9600339	-0.110961035	2.4390094	0.3125035	-0.9208929	2.990284	2.0371416	0.5884028	1.0166137	-0.54952127	0.39978066	1.5040569	0.1515094	-0.11609827	-2.000215	-2.327587	-0.011260599	0.21727774	-0.82500094	-0.045389205
62	2.9701672	-0.6998524	0.12209141	1.5589564	-0.17706229	-1.3508255	-0.67068124	-1.569684	-2.6389678	-0.2514348	-1.5929457	-0.26535404	-0.7776503	-1.0818135	-0.33895272	1.093441	-0.85469425	-0.71853817	0.6872911	0.315361	1.1790668	0.9746014	1.527738	-0.80356014	-1.0872809	1.0398742	1.3480247	-0.86737156	2.528369	0.42189127	-0.70252424	-0.908439	-1.9496896	0.79001206	0.3724535	-0.1332293	-1.8880439	-1.3972214	1.3472706	-1.6716837	0.9139776	-0.10864404	2.3156383	0.28345808	-0.8521268	2.8135462	1.930363	0.543465	0.9544977	-0.514842	0.35451448	1.4531854	0.12392074	-0.11291166	-1.8945936	-2.2103996	-0.011427015	0.20196117	-0.7559545	-0.06593566
63	3.0281167	-0.6974717	0.118561685	1.5856574	-0.18216868	-1.3849251	-0.67882323	-1.5850494	-2.7019098	-0.25340176	-1.59694	-0.26349604	-0.7923254	-1.1065507	-0.38237137	1.1318296	-0.86529493	-0.7322856	0.708349	0.32785878	1.2242591	0.99517494	1.5543765	-0.8362539	-1.1086826	1.0695225	1.3831515	-0.8831263	2.5957189	0.43915755	-0.6996111	-0.95297706	-1.9957235	0.80767995	0.36259145	-0.16632293	-1.9333122	-1.4242541	1.3774227	-1.6953499	0.9234572	-0.111605376	2.3656502	0.28631058	-0.8856343	2.8928182	1.9490867	0.5605248	0.9958301	-0.5098629	0.3672719	1.4771273	0.12772043	-0.11118811	-1.9364985	-2.2535083	-0.0062374473	0.21503754	-0.79763526	-0.048627693
64	3.0308754	-0.7148873	0.11418034	1.5957135	-0.17932776	-1.3881083	-0.6732237	-1.5944893	-2.702699	-0.26487622	-1.6144044	-0.26573756	-0.7741057	-1.091543	-0.35307932	1.1053919	-0.8713423	-0.74347615	0.6835338	0.34238502	1.2164903	0.97745067	1.5567117	-0.80613196	-1.1234454	1.0540919	1.360677	-0.869917	2.594896	0.44295293	-0.696014	-0.9604267	-1.9764804	0.79106426	0.3613474	-0.13967001	-1.9320824	-1.4137563	1.3780566	-1.7098275	0.9288911	-0.118138336	2.34223	0.29094136	-0.85718036	2.8662338	1.9596784	0.56279343	0.9731048	-0.5069615	0.36247033	1.4670125	0.13004446	-0.119580574	-1.8962462	-2.2275915	-0.023437928	0.19099931	-0.77263826	-0.06777248
65	3.2114637	-0.71765196	0.12267156	1.6674399	-0.20141293	-1.4777526	-0.68656516	-1.6548495	-2.8625734	-0.2759786	-1.68802	-0.29749483	-0.81299216	-1.194624	-0.3830446	1.1998297	-0.9261982	-0.7880761	0.72403735	0.37831408	1.2730268	1.0600177	1.6425196	-0.8618916	-1.1930963	1.1115506	1.4512656	-0.93651396	2.7540026	0.4651209	-0.7251215	-1.0331429	-2.1109316	0.8720827	0.35967693	-0.15597624	-2.0537689	-1.5038557	1.460346	-1.7955221	0.9477969	-0.112699784	2.5022416	0.3275043	-0.95972294	3.0506454	2.0676928	0.59392697	1.044573	-0.5483804	0.3805897	1.5173975	0.18181202	-0.10492577	-2.0574121	-2.3633404	0.012585165	0.20909074	-0.8523711	-0.026896957
66	2.9689052	-0.6748577	0.12137513	1.544573	-0.19823419	-1.397646	-0.6409992	-1.5379004	-2.643192	-0.25081873	-1.566169	-0.30320567	-0.7588966	-1.1469604	-0.35839695	1.1583321	-0.83633286	-0.71892196	0.69316787	0.32674792	1.1721119	1.0146134	1.5328887	-0.7929128	-1.0974858	1.0454372	1.3582094	-0.87291265	2.5310266	0.4113046	-0.673895	-0.92128277	-1.9869952	0.8247128	0.3203948	-0.17892866	-1.913528	-1.401628	1.3583916	-1.6604964	0.88544214	-0.10598085	2.340911	0.31212765	-0.9242104	2.8296196	1.9560776	0.5394993	0.9822198	-0.5347206	0.38005787	1.4265888	0.16430876	-0.09639869	-1.9617198	-2.2205458	-0.0056827404	0.22299519	-0.8296429	-0.019689498
67	3.1201746	-0.7272134	0.122448936	1.6366891	-0.19181426	-1.4296453	-0.68488395	-1.6260625	-2.7656255	-0.26904294	-1.6546559	-0.2871216	-0.79902554	-1.1371769	-0.36547667	1.1592274	-0.89638615	-0.7649786	0.71669704	0.35792038	1.2454798	1.0226116	1.6056607	-0.84401864	-1.1540271	1.0908024	1.4111261	-0.89873874	2.6713893	0.43991446	-0.7224936	-0.9810524	-2.053072	0.8320669	0.36142614	-0.13915978	-1.9940144	-1.4547688	1.4181768	-1.7527748	0.9455296	-0.11296651	2.4331222	0.2985931	-0.9206043	2.9621062	2.0243833	0.5803072	1.0186422	-0.53309685	0.37169617	1.4982536	0.14446694	-0.10290194	-1.9883208	-2.299461	0.0011319425	0.20643148	-0.8065145	-0.049863406
68	3.1031013	-0.73187655	0.11402798	1.6341162	-0.18452972	-1.4109305	-0.7022831	-1.6332595	-2.7600155	-0.2741456	-1.6579815	-0.27015024	-0.79313767	-1.1254057	-0.35916397	1.1282997	-0.8906533	-0.7670348	0.6980589	0.34406585	1.2400975	1.0045198	1.5892617	-0.834629	-1.1502753	1.0751592	1.3869988	-0.89946234	2.6528158	0.4473509	-0.7191027	-0.97693443	-2.025833	0.8190824	0.36329287	-0.13808702	-1.9763849	-1.453389	1.4043319	-1.7527816	0.9525346	-0.12215737	2.3991985	0.29810187	-0.881424	2.934904	1.9977666	0.57444537	0.99263495	-0.5262254	0.3716155	1.4919659	0.14643206	-0.11542666	-1.9518688	-2.2750123	-0.0146062765	0.20332952	-0.78526247	-0.061303213
69	2.9614668	-0.70295274	0.11208002	1.5437176	-0.16737188	-1.3475324	-0.6682165	-1.5574754	-2.6260955	-0.26975235	-1.5736282	-0.25842446	-0.7602505	-1.0687234	-0.32992235	1.0786228	-0.8441346	-0.7272492	0.6648172	0.32669392	1.1926467	0.95535934	1.5095649	-0.7942466	-1.1044796	1.0319513	1.318311	-0.8541312	2.5130494	0.4299082	-0.6714815	-0.91634643	-1.9281617	0.76974463	0.35152146	-0.12122105	-1.8796268	-1.4107063	1.3368077	-1.6827317	0.91693234	-0.115489304	2.293035	0.28034058	-0.84367067	2.7970204	1.9110717	0.54916114	0.95195854	-0.4852729	0.36450076	1.433809	0.119252965	-0.108476095	-1.8606577	-2.1868546	-0.015896942	0.20003606	-0.74093705	-0.0686306
70	3.1143458	-0.69594735	0.13442512	1.615252	-0.1809676	-1.4443097	-0.6585475	-1.6176181	-2.7804782	-0.23857781	-1.6220751	-0.32595992	-0.8192307	-1.1740453	-0.38365698	1.2088318	-0.88134456	-0.7382022	0.7197813	0.32542932	1.2237004	1.0614116	1.5939499	-0.8438062	-1.1187383	1.1105955	1.4350061	-0.9369416	2.6626484	0.43299684	-0.7067467	-0.96356535	-2.0718958	0.85439026	0.35249406	-0.18603113	-1.9912221	-1.4460455	1.4292793	-1.7353066	0.9189876	-0.096272334	2.4507334	0.31338423	-0.97199804	2.9684412	2.024083	0.5758525	1.0133481	-0.5563196	0.4024888	1.4981322	0.14699441	-0.101790905	-2.042996	-2.350585	-0.0030902792	0.22756349	-0.8834282	-0.028494632
71	3.0605242	-0.71560895	0.12375812	1.614831	-0.17270719	-1.3952216	-0.6908559	-1.6166844	-2.7317874	-0.2642283	-1.6247226	-0.2644138	-0.7979789	-1.0875419	-0.35182166	1.103715	-0.8716941	-0.7621134	0.70083547	0.3400439	1.2468596	0.9723286	1.5630428	-0.82601345	-1.1307397	1.0793118	1.3695309	-0.8768199	2.6124008	0.447585	-0.70116556	-0.9703271	-1.9961714	0.79480314	0.37787354	-0.13281596	-1.9443824	-1.4493463	1.3915658	-1.7322416	0.9537175	-0.1058302	2.3615346	0.27764076	-0.86345416	2.8951178	1.9616257	0.57685846	0.9877646	-0.488139	0.36359802	1.4789362	0.114518784	-0.117661834	-1.9150182	-2.2563386	-0.01611899	0.19952756	-0.7634582	-0.07213901
72	2.8660183	-0.6574172	0.106031	1.5084234	-0.17171882	-1.3044527	-0.6241711	-1.4989294	-2.5509326	-0.2477761	-1.5162766	-0.2521133	-0.73105365	-1.0309538	-0.3380908	1.0470417	-0.8323878	-0.7053733	0.6587632	0.33190796	1.1422739	0.9325429	1.4736658	-0.767759	-1.0591938	1.0051397	1.2863923	-0.83888686	2.447557	0.4199915	-0.65621513	-0.91495395	-1.8782816	0.7600812	0.3511463	-0.13639404	-1.8278977	-1.3420773	1.2987074	-1.616011	0.8794961	-0.10745689	2.221639	0.27293977	-0.822753	2.7225957	1.8634932	0.5330654	0.9219416	-0.48348752	0.3448884	1.382168	0.12872757	-0.113770686	-1.8068457	-2.1200962	-0.0044683907	0.18566297	-0.7359824	-0.055086404
73	3.073569	-0.7280436	0.12245327	1.600488	-0.18545434	-1.4027045	-0.68278444	-1.6034591	-2.733795	-0.27466294	-1.6278143	-0.26543573	-0.7823083	-1.1121548	-0.35171726	1.1210995	-0.8782833	-0.760603	0.6966142	0.3393594	1.2317337	1.0085324	1.565942	-0.81548333	-1.1458683	1.0608997	1.3785037	-0.88296133	2.6185856	0.44308633	-0.709288	-0.95952046	-1.9990079	0.80067337	0.3501398	-0.12653801	-1.9603295	-1.4326314	1.3941379	-1.7228338	0.9391002	-0.12243927	2.3798823	0.29529834	-0.8715835	2.9116464	1.9768665	0.56690305	0.98849046	-0.51024497	0.37173897	1.4785717	0.1407003	-0.102435544	-1.9360245	-2.2494228	-0.0049766935	0.19560282	-0.77813894	-0.05604713
74	3.0354693	-0.7092426	0.12390137	1.6000355	-0.18677229	-1.3922157	-0.66683966	-1.5934536	-2.7009037	-0.2515544	-1.6130183	-0.29886276	-0.7963657	-1.1247681	-0.35007095	1.1412092	-0.868086	-0.731623	0.7012529	0.33083495	1.1949211	1.0079026	1.5569538	-0.8260815	-1.1035167	1.0774665	1.3876599	-0.89275295	2.5840163	0.42716202	-0.70756197	-0.9316983	-2.0150204	0.82296693	0.36245754	-0.15345986	-1.9393451	-1.4192737	1.391612	-1.7064658	0.921075	-0.10139579	2.3715537	0.29150328	-0.9102312	2.8830304	1.9853984	0.5632308	0.98122555	-0.5426049	0.38460317	1.4687309	0.13198695	-0.108418606	-1.9577342	-2.2782514	-0.011240713	0.21744955	-0.8075354	-0.04869894
75	3.149126	-0.69674706	0.13430549	1.6426722	-0.19905838	-1.4910653	-0.6674745	-1.6152427	-2.8252828	-0.24635497	-1.6668626	-0.32937586	-0.79902685	-1.2261088	-0.39880317	1.2534837	-0.89895463	-0.7528279	0.7115032	0.35877582	1.2352784	1.0746051	1.6278131	-0.85320526	-1.1606085	1.107725	1.4441702	-0.94692016	2.7293313	0.4396156	-0.6904466	-1.0134054	-2.1254752	0.8801635	0.3378942	-0.20797104	-2.047144	-1.4857016	1.4600899	-1.7700169	0.91048163	-0.11216145	2.5136402	0.34966472	-1.0124863	3.013314	2.075328	0.5819285	1.0497684	-0.5902867	0.39638832	1.4950124	0.19854105	-0.10115349	-2.1004753	-2.3795953	0.011482189	0.233786	-0.9058488	-0.006441709
76	2.9982288	-0.69694275	0.12739877	1.5687966	-0.17565127	-1.3678063	-0.6721432	-1.5683829	-2.6652792	-0.25070566	-1.6020788	-0.2770095	-0.7792338	-1.115094	-0.3636228	1.1373184	-0.8624164	-0.7231822	0.6888736	0.3198307	1.181457	1.0034566	1.5370429	-0.83179843	-1.0960461	1.052457	1.3704246	-0.8877173	2.5668893	0.41872674	-0.6987156	-0.91645163	-1.9895518	0.8104084	0.35433626	-0.1504124	-1.9180572	-1.4091487	1.366195	-1.6787477	0.9019551	-0.11400058	2.3608925	0.29278436	-0.906253	2.8551567	1.9531509	0.5547284	0.98551804	-0.535355	0.36594367	1.4588145	0.13790965	-0.09710601	-1.9483896	-2.2476761	0.008044437	0.22191639	-0.7949484	-0.04009943
77	2.876863	-0.667599	0.111891404	1.5098091	-0.16204084	-1.3218782	-0.64048743	-1.5054874	-2.571718	-0.24636409	-1.5327635	-0.25638238	-0.7383779	-1.0511067	-0.36212692	1.0740067	-0.81882715	-0.7014928	0.6613527	0.31884897	1.159563	0.9403355	1.4717976	-0.788429	-1.0594323	1.0130175	1.3017257	-0.83920074	2.468902	0.41658574	-0.646822	-0.9139153	-1.8944575	0.7626145	0.3355248	-0.15649608	-1.844177	-1.3653581	1.310542	-1.6244624	0.8763891	-0.10963625	2.2486818	0.26923695	-0.8434849	2.7471852	1.8587141	0.53966236	0.94210225	-0.48633903	0.3523702	1.3910669	0.12844348	-0.10802199	-1.8334967	-2.141652	-0.0042846203	0.20489945	-0.752796	-0.048633356
78	2.835771	-0.6815421	0.09683661	1.4968832	-0.17841984	-1.2857862	-0.6538044	-1.5116198	-2.5220025	-0.2606135	-1.517485	-0.21520625	-0.71613765	-0.99883676	-0.30500028	1.0040841	-0.8273115	-0.71395206	0.64200664	0.32269797	1.1486682	0.91047376	1.4613782	-0.74047923	-1.0702624	0.97978175	1.2548261	-0.81091714	2.4349422	0.42513102	-0.659442	-0.89900815	-1.8348805	0.74171555	0.35284418	-0.10698348	-1.8106292	-1.3340015	1.274221	-1.6088054	0.9094334	-0.11766457	2.1896007	0.25748146	-0.7758425	2.6684015	1.8313069	0.5211844	0.89498365	-0.45508704	0.30596069	1.375747	0.13121532	-0.11062591	-1.7533666	-2.061042	-0.01501359	0.16043253	-0.6633303	-0.06815921
