	0	1	2	3	4	5	6	7	8	9
0	-2.3655343	0.66603094	-3.555039	1.6888636	-0.8075179	0.6930809	0.4878717	-2.8672512	-0.7047024	3.0996284
1	-2.2785668	0.6432829	-3.4696703	1.6399386	-0.7816841	0.67207414	0.4944896	-2.7602208	-0.69232327	2.99755
2	-2.4252894	0.6778137	-3.499479	1.6771846	-0.7864135	0.70213383	0.42709887	-2.901842	-0.68922836	3.110868
3	-2.469718	0.68658006	-3.6443176	1.7410499	-0.8249081	0.7075351	0.48599777	-2.9452684	-0.73247176	3.1798005
4	-2.1560538	0.59777474	-3.200739	1.5163649	-0.72613096	0.62369347	0.41591218	-2.6196043	-0.6299008	2.8008451
5	-2.4498625	0.6750559	-3.526998	1.7049652	-0.77328426	0.77441955	0.48430395	-2.862788	-0.7047	3.1800346
6	-2.5673225	0.71918315	-3.8510163	1.8227367	-0.8555479	0.7648879	0.5275015	-3.1002548	-0.7600822	3.3642282
7	-2.2821763	0.58608705	-3.3572743	1.6638149	-0.81974	0.6307758	0.46198717	-2.7452304	-0.6843922	2.9299765
8	-2.4204686	0.6772635	-3.6768	1.7479732	-0.85439736	0.6802265	0.523768	-2.9145994	-0.746024	3.1508482
9	-2.533494	0.69344157	-3.591208	1.7694777	-0.8266953	0.7161915	0.46028537	-2.9493194	-0.7366366	3.192295
10	-2.4073381	0.6802631	-3.6180472	1.7018108	-0.82582295	0.7043926	0.4779189	-2.9199283	-0.7111143	3.1542814
11	-2.2116275	0.6175582	-3.3308234	1.583574	-0.74521166	0.66610235	0.47040623	-2.6597028	-0.6644558	2.9018483
12	-2.3982947	0.6276636	-3.5468423	1.7363666	-0.818968	0.7034665	0.51525426	-2.8276742	-0.72890615	3.0911627
13	-2.2757332	0.6387008	-3.4472566	1.621605	-0.79532474	0.65900403	0.46311527	-2.769335	-0.6808051	2.984732
14	-2.2041829	0.6089725	-3.1180131	1.5126425	-0.6905336	0.6463983	0.38216045	-2.601659	-0.6214775	2.7991579
15	-2.358586	0.6571249	-3.5932908	1.7167541	-0.8070407	0.7264093	0.5363658	-2.8566728	-0.71496356	3.13764
16	-2.3783383	0.663328	-3.5341077	1.6870571	-0.8144953	0.6721824	0.4770408	-2.845203	-0.71319497	3.067869
17	-2.5759883	0.700757	-3.7372758	1.8165487	-0.8669033	0.7337455	0.48868564	-3.0531015	-0.75438946	3.295566
18	-2.4611833	0.69408923	-3.6741176	1.7448251	-0.82612836	0.72804826	0.49088588	-2.9617374	-0.72699434	3.2131913
19	-2.2654338	0.6335581	-3.2515976	1.5635428	-0.7150206	0.6818553	0.39557955	-2.7123947	-0.6338771	2.9212184
20	-2.3451104	0.64631987	-3.4134066	1.6506609	-0.76175576	0.6985344	0.4636736	-2.7680304	-0.6883865	3.019422
21	-2.332308	0.63703567	-3.3596044	1.6426195	-0.77309155	0.66471744	0.43736982	-2.7538733	-0.681942	2.9688501
22	-2.3882246	0.6343717	-3.6131608	1.7234129	-0.8833803	0.6629218	0.5185541	-2.8881993	-0.73262423	3.1130185
23	-2.3134732	0.6377873	-3.2733812	1.5918343	-0.72668165	0.6789495	0.40527418	-2.7179878	-0.6555658	2.935698
24	-2.3258386	0.64809847	-3.4141545	1.6405658	-0.7934232	0.64074415	0.43604472	-2.7827077	-0.68831193	2.97111
25	-2.318151	0.62507284	-3.412634	1.65683	-0.78131825	0.6733081	0.483182	-2.7435048	-0.69711125	2.9836702
26	-2.3405397	0.6567668	-3.610594	1.7105632	-0.8483201	0.6651568	0.5274754	-2.8404648	-0.7300359	3.0805914
27	-2.4477868	0.6951103	-3.807025	1.7922375	-0.89973545	0.6964042	0.5732567	-2.955641	-0.77566105	3.2332113
28	-2.2379322	0.6107781	-3.226789	1.5637882	-0.69354427	0.685904	0.4314579	-2.652112	-0.641939	2.8838263
29	-2.1359522	0.57988304	-3.1901689	1.5357289	-0.73479974	0.6274824	0.4535874	-2.5692577	-0.64226305	2.7844086
30	-2.2544863	0.6403959	-3.4456832	1.6189295	-0.78887945	0.64725035	0.4760492	-2.749448	-0.68465835	2.9611118
31	-2.4371688	0.6683799	-3.5699315	1.7378178	-0.8060764	0.71889085	0.48894837	-2.8963578	-0.71937245	3.1473777
32	-2.243997	0.63922966	-3.526219	1.6349068	-0.8009285	0.6554567	0.5137549	-2.7736423	-0.6961785	2.996351
33	-2.2722235	0.642164	-3.3532574	1.6227642	-0.73490137	0.68910664	0.47920528	-2.6655543	-0.6842264	2.941296
34	-2.2478151	0.60671467	-3.02577	1.5018877	-0.66099143	0.66814595	0.33355117	-2.6032386	-0.60199463	2.7991571
35	-2.4159791	0.66940546	-3.6145914	1.7241774	-0.8242779	0.71940315	0.5031826	-2.8963041	-0.7217107	3.1605873
36	-2.2788155	0.62554616	-3.4319062	1.6459799	-0.78771025	0.6530032	0.49288663	-2.7217646	-0.7002436	2.953537
37	-2.3205512	0.6452312	-3.5412319	1.6934905	-0.8184697	0.66322726	0.51955456	-2.7913122	-0.7215956	3.0312774
38	-2.348015	0.66571337	-3.4841745	1.6497475	-0.78298503	0.69746405	0.4549312	-2.836738	-0.68342644	3.067924
39	-2.215959	0.6045017	-3.1230876	1.5188102	-0.70339966	0.63515484	0.3781023	-2.6051366	-0.627554	2.7935488
40	-2.157054	0.5927872	-3.2640357	1.5481799	-0.75883645	0.61772895	0.45723116	-2.6104255	-0.65550286	2.8146725
41	-2.1619678	0.6110615	-3.3686903	1.5682939	-0.78276277	0.6388224	0.48839414	-2.661029	-0.66502565	2.8896523
42	-2.3391106	0.64606905	-3.6045532	1.7121855	-0.8531711	0.6495144	0.5209743	-2.852086	-0.7288857	3.0654373
43	-2.2684846	0.61170405	-3.1785336	1.5597885	-0.72794676	0.6425728	0.38650024	-2.652906	-0.6444875	2.846093
44	-2.3913994	0.65303445	-3.4805143	1.6905364	-0.7715616	0.7245618	0.48123533	-2.826729	-0.6997815	3.091651
45	-2.438718	0.67198116	-3.600264	1.7284775	-0.8286386	0.7042859	0.487524	-2.9130042	-0.72343343	3.153587
46	-2.4219997	0.6814608	-3.6795464	1.7336447	-0.8263466	0.7117457	0.5283338	-2.9120412	-0.73874325	3.174119
47	-2.4176772	0.6649341	-3.5140843	1.6997672	-0.7651681	0.73819405	0.47229156	-2.8642254	-0.69986945	3.1263015
48	-2.27849	0.64321923	-3.3782313	1.5968517	-0.7529811	0.65928805	0.44778258	-2.7360013	-0.6727689	2.9471838
49	-2.380489	0.66554254	-3.5595691	1.6809028	-0.81361955	0.66936654	0.4788571	-2.8593147	-0.71526283	3.074019
50	-2.422355	0.67014056	-3.488812	1.6911308	-0.7997036	0.6811689	0.44138297	-2.8627903	-0.7054047	3.0757987
51	-2.356536	0.6518699	-3.4480655	1.657795	-0.76726747	0.69947606	0.4663019	-2.787117	-0.6939716	3.0367343
52	-2.3923838	0.6699427	-3.6181161	1.7159125	-0.82596993	0.7086688	0.5050968	-2.8972385	-0.7177342	3.1485713
53	-2.0850096	0.5480009	-2.6273983	1.3460907	-0.558499	0.63386893	0.250247	-2.354081	-0.524006	2.5312126
54	-2.0867536	0.5661154	-2.745303	1.3676472	-0.5613968	0.6638418	0.2834622	-2.4092042	-0.5321467	2.607673
55	-1.9573405	0.5155091	-2.4430568	1.2579261	-0.52558553	0.59086335	0.22138605	-2.2124932	-0.4863606	2.367644
56	-1.8708103	0.49581224	-2.4531066	1.2266474	-0.5238532	0.57357395	0.25976992	-2.1488202	-0.48677006	2.3126352
57	-2.0717392	0.56134194	-2.8646371	1.4062883	-0.62983245	0.62501836	0.3359996	-2.4334576	-0.566139	2.6213503
58	-2.1366932	0.56100553	-2.756104	1.3957168	-0.59014446	0.6466567	0.27573583	-2.443001	-0.5461201	2.6201777
59	-2.0089633	0.5301509	-2.464691	1.2492143	-0.52231085	0.57210976	0.19486552	-2.2286644	-0.49085894	2.3742645
60	-2.162151	0.5817285	-2.848541	1.4183782	-0.6104925	0.66241837	0.2979571	-2.4882827	-0.5607402	2.6860733
61	-2.0861955	0.5514921	-2.6647475	1.352884	-0.57336956	0.6317854	0.26017356	-2.3715875	-0.5295858	2.5490704
62	-1.9407349	0.52064407	-2.5188763	1.2598407	-0.5070451	0.63410074	0.25645342	-2.2383769	-0.4838793	2.4279613
63	-1.9772308	0.5231836	-2.5566502	1.2848614	-0.5403539	0.6208696	0.25224403	-2.2813704	-0.49564928	2.4540014
64	-2.0123749	0.5291777	-2.5105138	1.2876143	-0.5441134	0.58645374	0.21476622	-2.2872105	-0.4989396	2.4172344
65	-2.1051464	0.55416834	-2.7322876	1.3841379	-0.6035499	0.6173299	0.28432035	-2.3928933	-0.5529353	2.5677314
66	-1.9421728	0.51788086	-2.5876284	1.2949865	-0.5577646	0.60671395	0.28874603	-2.2467651	-0.51062506	2.434153
67	-2.0484345	0.5483944	-2.6428804	1.3262075	-0.57164997	0.6094837	0.25428125	-2.3463132	-0.52304226	2.506262
68	-2.0609698	0.5429459	-2.6021957	1.3252017	-0.558438	0.62736493	0.2408894	-2.3426259	-0.5132436	2.5122166
69	-1.9717726	0.52427566	-2.5026386	1.2663049	-0.5294249	0.60760665	0.24116138	-2.23007	-0.49553084	2.4089253
70	-1.9961442	0.53901416	-2.6835086	1.3319896	-0.5637927	0.6393209	0.2951058	-2.3343983	-0.51814866	2.529377
71	-2.0437877	0.54121417	-2.5678678	1.3140775	-0.5373631	0.6342858	0.24086559	-2.313689	-0.5065278	2.4927108
72	-1.8846825	0.49510685	-2.3911774	1.2148887	-0.50668615	0.57628655	0.22725134	-2.153552	-0.47092277	2.3019016
73	-2.0362027	0.5418142	-2.5875561	1.3112348	-0.5422192	0.627932	0.24936555	-2.3111048	-0.5112642	2.489414
74	-1.9861757	0.5296531	-2.6141346	1.3086478	-0.53969395	0.6375079	0.28412172	-2.2917557	-0.5097397	2.488177
75	-2.0223641	0.54820937	-2.7850986	1.3613576	-0.6032061	0.6168101	0.32174298	-2.3729599	-0.5476574	2.5573654
76	-1.9468657	0.5293351	-2.6025867	1.2792304	-0.53323656	0.63112676	0.27829155	-2.2730632	-0.49841192	2.464424
77	-1.8878366	0.49736795	-2.4487982	1.2313092	-0.5292181	0.570306	0.2455029	-2.1760178	-0.48315126	2.3230443
78	-1.9390774	0.5107899	-2.354495	1.1894873	-0.4961607	0.550651	0.17358579	-2.128861	-0.46860972	2.2748358
