	0	1	2	3	4	5	6	7	8	9	10	11	12	13	14	15	16	17	18	19	20	21	22	23	24	25	26
0	-4.742864	2.757295	-1.303732	-2.1626978	-0.48628834	-1.7688956	-1.8893261	-0.63104427	0.15565574	1.450296	-0.33744523	-3.2818465	-0.13441475	0.16023204	-1.3842474	3.0501897	-1.6506416	1.3080281	1.1536273	-1.9126567	0.68496674	1.0898355	0.38298774	2.5916467	0.07394552	-2.256466	-3.5981445
1	-4.486374	2.628139	-1.219306	-2.042195	-0.44537848	-1.6703047	-1.7880533	-0.58920825	0.14789683	1.4170737	-0.34044057	-3.120854	-0.103238165	0.13469711	-1.3257885	2.9131198	-1.577695	1.2410636	1.1177272	-1.8242878	0.6148557	1.0331175	0.35548547	2.4911873	0.0674598	-2.166811	-3.4344337
2	-4.7473116	2.7687466	-1.3108637	-2.1758964	-0.5048188	-1.7613742	-1.9116206	-0.62583405	0.15999737	1.4922882	-0.33760366	-3.3146749	-0.12712699	0.16638285	-1.3893267	3.0734537	-1.7029812	1.3037732	1.1568605	-1.9375284	0.69304484	1.0784374	0.40667024	2.5987728	0.050863385	-2.2819426	-3.6075077
3	-4.8180976	2.8544185	-1.3202792	-2.184291	-0.49558482	-1.7692826	-1.919834	-0.6183138	0.1740826	1.5522026	-0.35609797	-3.3542702	-0.15277024	0.1468331	-1.4332345	3.13357	-1.7053672	1.3284091	1.1938576	-1.9394599	0.6684847	1.0897031	0.39441928	2.6790962	0.05808711	-2.3346953	-3.6784706
4	-4.274487	2.4861662	-1.1845481	-1.9514433	-0.45404187	-1.6100525	-1.7030673	-0.5633285	0.15599704	1.3296489	-0.32493326	-2.962917	-0.12933265	0.14653091	-1.2183844	2.7572427	-1.4919906	1.2056781	1.0567153	-1.7517893	0.6096552	0.96411294	0.32686284	2.3370876	0.043617316	-2.0552135	-3.2405794
5	-4.7497277	2.7520287	-1.307266	-2.108656	-0.50479454	-1.7656604	-1.9081564	-0.61207587	0.16103518	1.4801241	-0.37100378	-3.2846897	-0.1700274	0.19129138	-1.3853182	3.0610766	-1.6931605	1.3285878	1.1770633	-1.9459409	0.6983782	1.0311729	0.36028454	2.5554652	0.064253435	-2.2561176	-3.5704067
6	-4.993666	2.9461982	-1.3628433	-2.2512848	-0.51831615	-1.8296168	-2.0068705	-0.65432024	0.17949754	1.6107821	-0.38004076	-3.4934227	-0.15979181	0.1628032	-1.4768488	3.2466462	-1.7827779	1.3951962	1.231443	-2.0205863	0.7092486	1.126389	0.40132663	2.7847836	0.027072316	-2.4456427	-3.8249898
7	-4.4530635	2.6410964	-1.1681528	-2.0837188	-0.45036533	-1.6223706	-1.7731389	-0.5794909	0.1715954	1.4693403	-0.3701962	-3.0911763	-0.1224951	0.08010827	-1.2415148	2.8268301	-1.5881839	1.2689646	1.1542925	-1.7707978	0.59507483	1.0351815	0.37718347	2.4724429	0.06712578	-2.1551414	-3.3471763
8	-4.760821	2.8077257	-1.3063675	-2.1465986	-0.44502237	-1.7921462	-1.8727305	-0.6232737	0.15875936	1.4932959	-0.35954937	-3.3160057	-0.12729004	0.15158652	-1.4153059	3.08854	-1.6641105	1.3314512	1.2224206	-1.9326924	0.66496307	1.0780363	0.35247627	2.6499636	0.09414938	-2.3009462	-3.6638627
9	-4.8842063	2.8437717	-1.3375585	-2.182041	-0.4874202	-1.8131953	-1.9472739	-0.6354243	0.16733295	1.5223075	-0.3634381	-3.3904047	-0.14487173	0.17829211	-1.4551096	3.1719244	-1.7301015	1.3509296	1.206458	-1.9892156	0.7033865	1.1001863	0.35929912	2.675377	0.06844363	-2.3540306	-3.7154496
10	-4.7831016	2.8058386	-1.2930822	-2.1553488	-0.49158084	-1.761064	-1.9026912	-0.61989444	0.1785211	1.5067259	-0.3569405	-3.3152752	-0.1743755	0.14938639	-1.4127425	3.0737755	-1.670557	1.3411963	1.1846586	-1.9151846	0.6703526	1.0861098	0.36277607	2.6394446	0.048474967	-2.311826	-3.6229842
11	-4.302536	2.5108402	-1.1616073	-1.9853132	-0.4467029	-1.6082712	-1.7343961	-0.5680967	0.15811428	1.3538305	-0.30835968	-3.0129256	-0.10222866	0.102600545	-1.263453	2.7808423	-1.4971963	1.2021815	1.0611866	-1.748529	0.58599174	0.98988175	0.33491296	2.375611	0.06764662	-2.0597837	-3.3043919
12	-4.624312	2.6579518	-1.2669438	-2.0948856	-0.47451526	-1.6898475	-1.8614422	-0.6004503	0.11525686	1.4328421	-0.357164	-3.1809583	-0.050352972	0.12697329	-1.3608068	2.9959388	-1.582801	1.2415954	1.0794848	-1.912196	0.62302554	1.0559584	0.37265554	2.4924088	0.073869325	-2.1892025	-3.5105057
13	-4.470373	2.6087167	-1.2229968	-2.0295088	-0.4721974	-1.660371	-1.7997686	-0.58483696	0.17100504	1.4163852	-0.33297122	-3.1111898	-0.13195343	0.12551388	-1.3115448	2.9099908	-1.5565057	1.2502823	1.0917338	-1.8178302	0.61255884	1.0104918	0.3323061	2.4739954	0.04846792	-2.1555724	-3.4271858
14	-4.3371854	2.527629	-1.1900151	-1.9582269	-0.49819642	-1.6110902	-1.7437307	-0.5781215	0.17929336	1.353102	-0.35308704	-2.9745226	-0.16192414	0.18349274	-1.1935955	2.745218	-1.540482	1.2200532	1.0682012	-1.7546973	0.6415709	0.9634626	0.34305283	2.3317533	-0.004960613	-2.0637689	-3.223995
15	-4.6791673	2.7204454	-1.317845	-2.1228461	-0.42984983	-1.728134	-1.8551457	-0.6295485	0.15508503	1.4769623	-0.40820387	-3.2759252	-0.1229617	0.14660221	-1.3347393	2.9535394	-1.6197169	1.36687	1.2071036	-1.9228333	0.6683684	1.0288385	0.35101905	2.5654883	0.06433733	-2.229388	-3.5815399
16	-4.657732	2.7322774	-1.2578717	-2.1173916	-0.4624765	-1.7282254	-1.8701229	-0.6130231	0.15158463	1.4786799	-0.34507257	-3.230183	-0.123471245	0.13876744	-1.3661093	3.004437	-1.6562805	1.2903149	1.14766	-1.8718587	0.66026473	1.0720282	0.3833143	2.5695746	0.06428689	-2.255095	-3.5447042
17	-4.9410934	2.9529908	-1.2720428	-2.1686857	-0.49311563	-1.7749333	-1.9772868	-0.63737506	0.17486614	1.6079621	-0.39644143	-3.4230182	-0.17397009	0.17452718	-1.470625	3.1628954	-1.7928643	1.3715527	1.2549269	-1.9429989	0.70582145	1.1102633	0.36643967	2.7248492	0.04673478	-2.3647432	-3.7257292
18	-4.8479257	2.8436873	-1.2806042	-2.1555376	-0.46099398	-1.7836783	-1.9507027	-0.62410754	0.16161084	1.5396292	-0.3499836	-3.3508224	-0.17206073	0.1470465	-1.4658569	3.1100318	-1.7173451	1.3513548	1.1898216	-1.9126976	0.6945335	1.1080804	0.364445	2.66586	0.08229083	-2.338905	-3.676957
19	-4.4831796	2.603317	-1.226692	-2.0170286	-0.52739227	-1.6567545	-1.8209286	-0.5929144	0.18568656	1.4156195	-0.37412703	-3.0939157	-0.14298913	0.19604541	-1.2500248	2.870511	-1.6130893	1.2541326	1.100506	-1.8438973	0.65758187	0.9898283	0.34753323	2.4094477	-0.009829261	-2.136584	-3.3467476
20	-4.51378	2.6650476	-1.2421353	-2.080045	-0.48470154	-1.6690892	-1.8176072	-0.57733244	0.15662405	1.4592254	-0.31577593	-3.1578078	-0.12570645	0.12483501	-1.3223361	2.9309537	-1.5819718	1.2606881	1.099221	-1.8332974	0.6440406	1.0169438	0.37281087	2.4986973	0.04741858	-2.1934783	-3.4644628
21	-4.504141	2.6537597	-1.2146406	-2.0725892	-0.48931	-1.6534894	-1.7802659	-0.58025116	0.1468139	1.402594	-0.30183542	-3.123119	-0.13225654	0.1358258	-1.3212118	2.9066155	-1.5876001	1.2119443	1.096171	-1.7967389	0.63786566	1.0354047	0.3830023	2.4682932	0.068381526	-2.1230414	-3.3944128
22	-4.6875553	2.771861	-1.283302	-2.1839445	-0.48420072	-1.7233616	-1.8871375	-0.57157737	0.14774251	1.5099896	-0.31211197	-3.2899163	-0.109059475	0.10590849	-1.4000436	3.0382533	-1.6855235	1.2625449	1.1510229	-1.8831325	0.66298366	1.0723507	0.42467692	2.57268	0.099786356	-2.2456665	-3.576752
23	-4.4630165	2.6308117	-1.2248558	-2.019958	-0.4953568	-1.6494522	-1.7792801	-0.57907975	0.18065736	1.4110512	-0.3352535	-3.0911512	-0.15863457	0.18074945	-1.2843775	2.8772001	-1.6020845	1.2386053	1.1105572	-1.8007246	0.65450096	1.0032935	0.3575694	2.4395466	0.019018287	-2.1519299	-3.354451
24	-4.540453	2.6644008	-1.2367206	-2.0785425	-0.46590018	-1.6908122	-1.8309546	-0.5934876	0.16287258	1.4511278	-0.33707288	-3.1692066	-0.10646851	0.12907666	-1.341923	2.937605	-1.602709	1.2540543	1.1175263	-1.8434603	0.62591434	1.0418155	0.37214908	2.5097075	0.05926296	-2.1907973	-3.4789934
25	-4.4761934	2.6543925	-1.2143058	-2.060931	-0.47572875	-1.6606694	-1.7752734	-0.5756385	0.15988705	1.4273272	-0.32785898	-3.1257524	-0.10029176	0.13701423	-1.3250415	2.9083223	-1.6002494	1.2138369	1.1353503	-1.8109334	0.62626475	1.0264789	0.39031985	2.480628	0.07077701	-2.15844	-3.4120438
26	-4.6169176	2.7053354	-1.2908658	-2.1281264	-0.47399232	-1.7254504	-1.8398354	-0.59982157	0.15931681	1.4559782	-0.3336365	-3.2426133	-0.06342891	0.13351545	-1.3818693	3.0092022	-1.5922064	1.2681981	1.138945	-1.9073238	0.6306639	1.0546356	0.36539814	2.5510442	0.072078496	-2.2187223	-3.5740004
27	-4.799007	2.811187	-1.3219129	-2.1956823	-0.47705945	-1.8064449	-1.9127761	-0.6182344	0.14831904	1.4798881	-0.3072245	-3.3604243	-0.07151552	0.13572219	-1.4628959	3.1464221	-1.6737127	1.2892408	1.1761911	-1.9594901	0.67303026	1.1011755	0.37695917	2.6294022	0.12065653	-2.2853184	-3.7085135
28	-4.393682	2.5491009	-1.2145509	-2.004103	-0.4810927	-1.6118392	-1.745698	-0.5730867	0.15391594	1.3538878	-0.3636335	-3.023047	-0.118375726	0.15174963	-1.2283136	2.788663	-1.5387058	1.216309	1.0808673	-1.7931441	0.6167944	0.994115	0.35957754	2.3659456	0.014225582	-2.086353	-3.2735846
29	-4.160814	2.4329371	-1.0892991	-1.8719498	-0.4204708	-1.5323305	-1.6865395	-0.5349871	0.13087133	1.3310722	-0.33059397	-2.8667657	-0.08295541	0.119325615	-1.2163789	2.6641383	-1.469228	1.1493987	1.0238689	-1.6789821	0.56311274	0.9538418	0.3139567	2.268849	0.050884128	-1.9861448	-3.1490455
30	-4.459174	2.6210978	-1.2074369	-2.0306988	-0.4504703	-1.6580274	-1.7859781	-0.5779999	0.16321698	1.4221456	-0.32088786	-3.105315	-0.10995147	0.11763079	-1.3328412	2.928811	-1.5618688	1.2274649	1.1003067	-1.8029196	0.6001792	1.027923	0.3390201	2.4930716	0.07788361	-2.1645086	-3.4384904
31	-4.7151685	2.7733736	-1.2766227	-2.150367	-0.46222565	-1.7286037	-1.8872081	-0.6114333	0.15185758	1.5075619	-0.34389135	-3.270997	-0.1253855	0.12039367	-1.4070203	3.0324085	-1.6406	1.2931619	1.141039	-1.8830423	0.64261746	1.0875604	0.39455327	2.6035075	0.084349304	-2.2541833	-3.5949986
32	-4.5166364	2.6656156	-1.2123725	-2.0590353	-0.42382944	-1.6874437	-1.7699066	-0.587225	0.15613464	1.4056838	-0.32570338	-3.1371143	-0.10694097	0.112600535	-1.359497	2.9291406	-1.5688938	1.2302173	1.1441371	-1.8107767	0.58596075	1.0613134	0.336093	2.5245805	0.09125731	-2.1541145	-3.4601722
33	-4.3209434	2.5126336	-1.1265997	-2.000967	-0.48669186	-1.6194918	-1.7458425	-0.5773351	0.14329174	1.326829	-0.3098083	-2.9879727	-0.05192551	0.12195089	-1.2341707	2.7885792	-1.5010301	1.1721957	1.0418196	-1.7437496	0.61980855	1.0242406	0.34707278	2.3582463	0.06412742	-2.063055	-3.2876394
34	-4.3534513	2.525496	-1.2278026	-1.955806	-0.5273379	-1.6193064	-1.757563	-0.5710666	0.18368414	1.3646401	-0.3595356	-2.9959464	-0.1869361	0.20975913	-1.1769979	2.7731256	-1.5689312	1.2346921	1.0578684	-1.7941493	0.6731348	0.93266696	0.3412018	2.3124542	-0.029781397	-2.076113	-3.2194748
35	-4.733461	2.7914746	-1.2748417	-2.1364758	-0.48954278	-1.7580016	-1.8780189	-0.6274743	0.1821779	1.4768019	-0.34782952	-3.3015785	-0.15750907	0.15192772	-1.3928545	3.0487463	-1.673559	1.3169544	1.1876839	-1.893707	0.674302	1.0800093	0.36030272	2.6194627	0.043527894	-2.279629	-3.6042688
36	-4.43685	2.5990283	-1.1974374	-2.0250845	-0.4337688	-1.6727711	-1.7689825	-0.5843205	0.15502352	1.3945665	-0.32367072	-3.0805073	-0.11154659	0.1294094	-1.3080875	2.884295	-1.5750864	1.220937	1.1086179	-1.7953141	0.60999846	1.030477	0.34951487	2.4537194	0.08789034	-2.1363194	-3.384613
37	-4.548476	2.6767058	-1.2357	-2.1093557	-0.451741	-1.6948774	-1.8310231	-0.574639	0.15774477	1.4683583	-0.3154047	-3.1923876	-0.069538295	0.08633867	-1.3763797	2.986832	-1.607239	1.2413168	1.1329659	-1.8573452	0.5997415	1.0552734	0.37042442	2.532825	0.09550138	-2.2150266	-3.5181196
38	-4.600619	2.7067258	-1.290567	-2.1147163	-0.48324877	-1.7163191	-1.8360345	-0.6193498	0.19888622	1.4767913	-0.36841106	-3.2146528	-0.15348649	0.14161296	-1.2973152	2.9342391	-1.5807226	1.333516	1.1550328	-1.87353	0.6463838	1.0253578	0.3446499	2.5516598	0.021218041	-2.2171807	-3.528363
39	-4.278469	2.502299	-1.1912824	-1.9362688	-0.46579948	-1.6077712	-1.7132899	-0.56216586	0.17955685	1.3519256	-0.32913002	-2.9631457	-0.15862134	0.17272061	-1.2148445	2.7459328	-1.5237813	1.2091625	1.061972	-1.7423452	0.62529224	0.95075214	0.32812998	2.328694	0.01852324	-2.0623972	-3.2235897
40	-4.2972097	2.5126538	-1.1710503	-1.96551	-0.4246629	-1.6279372	-1.7111543	-0.56829524	0.15604228	1.3472271	-0.3205925	-2.9730613	-0.09483869	0.1138626	-1.2552681	2.7808301	-1.4926153	1.1981747	1.0823313	-1.7461156	0.57504094	0.98898274	0.32130286	2.3734894	0.075615264	-2.05991	-3.287678
41	-4.3422465	2.5477705	-1.1604468	-1.9792349	-0.42815387	-1.6278174	-1.7427967	-0.5753767	0.16110206	1.3774699	-0.32800132	-3.021143	-0.0762739	0.11179473	-1.2936558	2.8286095	-1.5244861	1.1952957	1.0925431	-1.7571276	0.58021057	1.0097632	0.32671645	2.4144971	0.088210195	-2.0783238	-3.34579
42	-4.5932717	2.7132878	-1.250135	-2.1025634	-0.42502174	-1.728578	-1.8184572	-0.60094124	0.148186	1.4582269	-0.3161764	-3.2164013	-0.07752761	0.102094315	-1.3968756	3.0140803	-1.6000818	1.2554321	1.148049	-1.8653157	0.6057265	1.0680352	0.35172945	2.5748646	0.10418577	-2.2214515	-3.5692196
43	-4.3494186	2.5230086	-1.2157968	-1.9719483	-0.47723892	-1.600691	-1.7340934	-0.5730638	0.15365556	1.3250338	-0.30027083	-3.0391228	-0.1575847	0.16149104	-1.2651255	2.8205876	-1.5207045	1.2017819	1.0299274	-1.7625296	0.64137965	0.97330546	0.3290604	2.3740141	0.03791584	-2.042963	-3.3070762
44	-4.645624	2.767236	-1.2547436	-2.1484597	-0.48701477	-1.7061334	-1.8133209	-0.5862907	0.18208176	1.4708427	-0.30485937	-3.2423341	-0.1355349	0.10593582	-1.3981016	3.0284917	-1.6133684	1.272343	1.1767541	-1.8489088	0.621038	1.0765853	0.3622805	2.6021707	0.075493395	-2.2435482	-3.5477867
45	-4.771367	2.7812777	-1.2929355	-2.141469	-0.49139738	-1.7691981	-1.920889	-0.6209572	0.17124188	1.4958555	-0.34671977	-3.3023524	-0.14719667	0.15723567	-1.4200788	3.102521	-1.6939745	1.3061484	1.1617838	-1.9188721	0.66724336	1.0886502	0.36477542	2.6318688	0.05660396	-2.30042	-3.633574
46	-4.712173	2.7703743	-1.2710909	-2.16159	-0.5059397	-1.7559375	-1.8996392	-0.5999928	0.18162903	1.5170871	-0.33508056	-3.291604	-0.11950407	0.12229823	-1.3958799	3.1056657	-1.6671077	1.2994905	1.1654016	-1.9228615	0.6391891	1.0781988	0.36353692	2.6233788	0.07155298	-2.3075228	-3.6211696
47	-4.67372	2.7323773	-1.2568604	-2.1127594	-0.49347693	-1.728152	-1.871254	-0.6104994	0.1743466	1.4649086	-0.3396302	-3.2445734	-0.13232343	0.14923851	-1.3814173	3.0301278	-1.6487793	1.2862753	1.1455833	-1.8843375	0.64918375	1.0734277	0.35143825	2.578109	0.040714055	-2.25884	-3.554139
48	-4.521813	2.6401343	-1.2225593	-2.0357149	-0.46348506	-1.6619819	-1.8181115	-0.59033966	0.159612	1.4381421	-0.37098882	-3.1254606	-0.13174538	0.15279835	-1.31259	2.8786268	-1.6010829	1.2623051	1.1225249	-1.8266543	0.63255334	1.0217535	0.35995978	2.4692566	0.03818042	-2.1621141	-3.4089124
49	-4.6378345	2.731677	-1.2601018	-2.0991664	-0.47734022	-1.7063917	-1.8682569	-0.60317004	0.17966524	1.4958296	-0.3383283	-3.2250278	-0.14392298	0.13998768	-1.3790873	3.0095596	-1.6448787	1.2817593	1.1347876	-1.8609875	0.64013875	1.0564643	0.36737356	2.5735514	0.047186494	-2.2526119	-3.5439308
50	-4.722973	2.7763183	-1.3128171	-2.1655831	-0.49278802	-1.7655705	-1.8832153	-0.62638974	0.19774735	1.5005533	-0.35142732	-3.2921693	-0.18494838	0.1503129	-1.3440055	3.0287936	-1.6648835	1.3532443	1.1831495	-1.9011377	0.68196774	1.0646018	0.36483672	2.6185653	0.026692508	-2.2991936	-3.5947087
51	-4.5670466	2.6864307	-1.2505488	-2.084387	-0.47873136	-1.6810504	-1.8319651	-0.60863197	0.1772486	1.4599053	-0.3484034	-3.1703553	-0.14278756	0.14240517	-1.3239774	2.9229496	-1.6124961	1.2724686	1.1212665	-1.82763	0.64341295	1.0429249	0.38271847	2.5224211	0.029628316	-2.199521	-3.4668865
52	-4.6715655	2.7497568	-1.2919708	-2.1480322	-0.48348755	-1.7525537	-1.8741208	-0.60384285	0.16400594	1.5014161	-0.33431283	-3.2775767	-0.112384915	0.12977782	-1.3788869	3.0483923	-1.6533244	1.3011796	1.1692797	-1.9153283	0.64658237	1.0495952	0.37648997	2.5921764	0.069015734	-2.2634728	-3.599438
53	-3.9649217	2.2678359	-1.1560712	-1.7662599	-0.50612587	-1.4802947	-1.6065581	-0.52995384	0.1783466	1.2233369	-0.35285452	-2.7184632	-0.19809102	0.24419968	-1.0240351	2.4832306	-1.4508924	1.1495695	0.9697619	-1.6625872	0.64964134	0.8100591	0.31128892	2.048378	-0.06682909	-1.8634403	-2.879668
54	-4.0968537	2.3125064	-1.1665267	-1.802834	-0.5099886	-1.5181632	-1.6768813	-0.55281985	0.15958345	1.2325732	-0.36840588	-2.8007789	-0.17348272	0.23134825	-1.09184	2.5857444	-1.4725581	1.1591942	0.96543205	-1.7214186	0.640449	0.85976136	0.31077707	2.1204836	-0.05195833	-1.9029833	-2.9970784
55	-3.7700863	2.1398482	-1.0957297	-1.6557938	-0.48817736	-1.4023685	-1.5343063	-0.5021774	0.16802284	1.1488452	-0.33580297	-2.563841	-0.19053978	0.24104469	-0.97217447	2.3619535	-1.3709873	1.0846456	0.8959807	-1.5781019	0.6198317	0.76636416	0.27687448	1.9250542	-0.071858615	-1.7560769	-2.7235105
56	-3.5924256	2.051614	-1.020006	-1.5918313	-0.44709998	-1.3602217	-1.4521041	-0.46655178	0.14365819	1.0913748	-0.29553044	-2.452013	-0.1564097	0.19287147	-0.9597851	2.2839053	-1.289585	1.0214288	0.8696892	-1.504001	0.5636971	0.74508	0.25723633	1.860348	-0.021383503	-1.680985	-2.6320107
57	-4.0198874	2.3185802	-1.1158478	-1.8076804	-0.4798009	-1.5117494	-1.6334506	-0.51786107	0.15286821	1.2515292	-0.32338133	-2.778138	-0.13078725	0.17432563	-1.1160723	2.5963674	-1.4298882	1.1269745	0.9714513	-1.6824497	0.59503186	0.8671766	0.29765528	2.132296	0.015968708	-1.8984871	-3.0070388
58	-4.127558	2.363173	-1.1983979	-1.8500717	-0.5227039	-1.5360212	-1.6661004	-0.5445939	0.17089736	1.2621257	-0.35357732	-2.828109	-0.19987445	0.22774637	-1.0728459	2.5916805	-1.4778253	1.1809068	0.9838246	-1.7228276	0.6642865	0.85184944	0.32580093	2.1263568	-0.038548023	-1.9112799	-3.0035675
59	-3.8504446	2.1960618	-1.1192511	-1.7123809	-0.5094926	-1.4284768	-1.5391408	-0.5115264	0.16526115	1.1538537	-0.3491171	-2.6277015	-0.21057405	0.25214997	-0.9600832	2.3675292	-1.3971999	1.1209531	0.9471548	-1.6100984	0.6601535	0.76902896	0.29266843	1.9436742	-0.067393444	-1.7546146	-2.7467682
60	-4.186119	2.4085083	-1.2045026	-1.870404	-0.51823944	-1.5660009	-1.6945609	-0.5538503	0.18613935	1.3020337	-0.36543164	-2.8750646	-0.19514221	0.22517003	-1.1018761	2.649328	-1.5051721	1.2067755	1.0186065	-1.7482324	0.6568053	0.8731377	0.31314	2.1954408	-0.045902565	-1.976017	-3.0787084
61	-3.9758604	2.2661881	-1.1547699	-1.7754695	-0.5126149	-1.4848604	-1.6100453	-0.51979667	0.17247269	1.2227969	-0.35086197	-2.7266793	-0.19435209	0.23033454	-1.0294313	2.5142913	-1.4438034	1.1440402	0.9644	-1.6824135	0.6357586	0.8107282	0.3034262	2.0506833	-0.04866323	-1.8646472	-2.8902361
62	-3.7638628	2.1350117	-1.1007804	-1.6715852	-0.48413077	-1.4247237	-1.5199574	-0.49773774	0.16054657	1.1287057	-0.3324211	-2.5797467	-0.16236669	0.22419102	-0.9780657	2.3877225	-1.3572471	1.0764133	0.9132323	-1.6016294	0.60093296	0.7716376	0.26960948	1.9410654	-0.054729506	-1.7535216	-2.7531726
63	-3.8541684	2.195195	-1.1146116	-1.7066995	-0.48063013	-1.4435234	-1.5548688	-0.5108739	0.15281102	1.1720777	-0.34398234	-2.6271334	-0.17368248	0.22504508	-1.0049696	2.419352	-1.38717	1.1006308	0.9302469	-1.6180599	0.6130357	0.7921653	0.29115972	1.9860979	-0.045474783	-1.7837838	-2.8027697
64	-3.826918	2.1781824	-1.1113757	-1.6980389	-0.5003855	-1.418616	-1.5460372	-0.51102775	0.17358431	1.1660258	-0.34676385	-2.6442564	-0.16923937	0.24203368	-0.9980603	2.4219263	-1.3923125	1.1001433	0.9381624	-1.6310359	0.61863226	0.77684605	0.27573204	1.9791108	-0.06387337	-1.7827193	-2.800096
65	-4.002509	2.3041046	-1.1348785	-1.7834634	-0.4877231	-1.4993137	-1.6117599	-0.5309656	0.1713134	1.2373568	-0.32769394	-2.7576454	-0.1830242	0.22074808	-1.08523	2.5476432	-1.4647057	1.1381178	0.98680604	-1.6602429	0.6319634	0.8419822	0.30379558	2.1123962	-0.029906865	-1.8927953	-2.947276
66	-3.7408648	2.1406717	-1.0690118	-1.6606218	-0.44802338	-1.4132001	-1.5029238	-0.49276474	0.1364215	1.1319246	-0.30500633	-2.554985	-0.15346846	0.20879956	-1.011808	2.3882005	-1.353402	1.0474774	0.8983299	-1.5567027	0.59150094	0.7939574	0.28632307	1.9564248	-0.01436706	-1.7474179	-2.7483425
67	-3.938184	2.2575374	-1.1265683	-1.7513039	-0.50293994	-1.4641728	-1.5970185	-0.51967674	0.16796115	1.216671	-0.34354413	-2.7070878	-0.18277246	0.23048072	-1.0341542	2.4912567	-1.4436502	1.126273	0.9557984	-1.6499066	0.6389122	0.8136899	0.30312923	2.04318	-0.051529303	-1.8479942	-2.8721652
68	-3.9472227	2.2581277	-1.152955	-1.7563715	-0.5144903	-1.4662462	-1.6011095	-0.5203565	0.1750941	1.2254056	-0.3511004	-2.7143538	-0.19848251	0.23840795	-1.0220685	2.4913194	-1.4407982	1.1393862	0.9555664	-1.6683381	0.6420556	0.79483384	0.30606237	2.0358922	-0.061176337	-1.8473787	-2.8723667
69	-3.763435	2.1477125	-1.0872086	-1.6665126	-0.4908819	-1.4022294	-1.524199	-0.5043712	0.16269764	1.1420351	-0.33520436	-2.5736718	-0.18718313	0.23917975	-0.9599586	2.3562386	-1.3826728	1.0816045	0.9099575	-1.573526	0.6306234	0.7661223	0.28911316	1.9204742	-0.05832777	-1.7347538	-2.715368
70	-3.8690257	2.2220867	-1.0838157	-1.7225108	-0.4889551	-1.4531709	-1.568741	-0.50609446	0.15862793	1.1989853	-0.33120278	-2.6565828	-0.1480973	0.19421668	-1.031851	2.4773614	-1.3958068	1.0938191	0.937008	-1.6297332	0.58446884	0.8109896	0.27917475	2.0197253	-0.029058482	-1.8149517	-2.8452911
71	-3.923378	2.2169285	-1.1367289	-1.7164129	-0.49107683	-1.46651	-1.5875726	-0.5299356	0.16104308	1.1741362	-0.35412624	-2.6735265	-0.18506058	0.25668454	-1.0337924	2.4599257	-1.4099886	1.1245766	0.94143504	-1.6508896	0.63677347	0.8043174	0.28487322	2.0134294	-0.051303916	-1.8079	-2.8506382
72	-3.5869505	2.0395746	-1.0393757	-1.5718352	-0.44592384	-1.3487786	-1.4466023	-0.47640812	0.14867327	1.087668	-0.30564785	-2.45978	-0.17792833	0.22601317	-0.9584196	2.2770746	-1.3089101	1.0213346	0.86935246	-1.5104511	0.57508904	0.7269362	0.25827923	1.8576951	-0.036709838	-1.6626735	-2.6235404
73	-3.8854244	2.2232451	-1.1304201	-1.727309	-0.49246195	-1.4489938	-1.5713882	-0.5142529	0.16210383	1.2001135	-0.3336172	-2.6709216	-0.19161132	0.24039297	-1.022981	2.4581337	-1.4234536	1.1152819	0.9359285	-1.6320839	0.6353336	0.7972192	0.30412424	2.0174084	-0.054945454	-1.8231895	-2.8331234
74	-3.8194134	2.179752	-1.1040218	-1.7055988	-0.48671564	-1.4313334	-1.5561109	-0.49536517	0.1647918	1.179241	-0.33526427	-2.6283343	-0.14958426	0.2001549	-1.0111389	2.4359596	-1.3740523	1.0886345	0.9248068	-1.6225301	0.58535004	0.78656846	0.27709082	1.9842815	-0.04138776	-1.7873592	-2.8155403
75	-3.9197702	2.2640727	-1.0985196	-1.738216	-0.46012533	-1.4815075	-1.5776384	-0.5090185	0.16737908	1.2168791	-0.3256703	-2.6924946	-0.16395208	0.1921336	-1.0816525	2.5239336	-1.4113375	1.1110189	0.9687406	-1.6302559	0.5858012	0.8401816	0.2774283	2.0916386	-0.014225067	-1.8816993	-2.9138172
76	-3.7976856	2.183995	-1.1049564	-1.7128206	-0.4837957	-1.4202299	-1.5304191	-0.49616793	0.16324326	1.1701602	-0.33520505	-2.6190917	-0.15997091	0.19722302	-0.99135095	2.405614	-1.3617011	1.0904773	0.9316585	-1.6023647	0.593446	0.78701544	0.29041222	1.9889828	-0.051277153	-1.7791332	-2.797919
77	-3.6485257	2.0801983	-1.0470399	-1.5990268	-0.44775835	-1.3665864	-1.4693881	-0.4799583	0.15503487	1.1091182	-0.3247051	-2.4850612	-0.1791598	0.22128953	-0.9633744	2.291994	-1.3227655	1.0461829	0.8931871	-1.5269812	0.58044326	0.74858785	0.2600188	1.8822302	-0.045299605	-1.7015253	-2.6492147
78	-3.6297429	2.0528274	-1.0684004	-1.5888559	-0.47341162	-1.3571043	-1.4794983	-0.4864718	0.16361856	1.1048995	-0.3258809	-2.4892619	-0.18382587	0.25083163	-0.94730043	2.2910945	-1.3373889	1.0451157	0.8786124	-1.5442657	0.6009834	0.7213199	0.27004674	1.8584012	-0.06608419	-1.6927383	-2.6393447
