	0	1	2	3	4	5	6	7	8	9	10	11	12	13	14	15	16	17	18	19	20	21	22	23	24	25	26	27	28	29	30	31	32	33	34	35	36	37	38	39
0	0.46488446	2.1688454	1.564362	1.4621356	-0.2736065	-1.0786495	2.1040561	-2.981182	-1.3260007	-1.5278317	2.0849614	-2.950438	-0.4085398	1.8600603	-2.5104527	-1.6221844	-0.47799537	0.3866573	-0.8720134	3.801369	0.0054997136	0.31606567	0.5574304	-2.9319382	0.22598366	-3.420071	0.6629704	-1.6856443	-0.098849386	-1.968347	1.404288	0.118275166	0.91187525	-0.6451408	3.2421734	-1.3487254	-3.5585303	-1.9988296	-0.50462246	-0.42617518
1	0.47395813	2.060855	1.5332769	1.4048109	-0.25154716	-1.0179546	2.0597727	-2.8762298	-1.2612079	-1.4686573	2.0297203	-2.8643637	-0.4078254	1.7937222	-2.413246	-1.5680647	-0.44964597	0.3745144	-0.80993354	3.658891	0.0037729423	0.32443735	0.51925874	-2.8436403	0.24327096	-3.321649	0.6134134	-1.6115828	-0.114796534	-1.8957376	1.3743749	0.11558138	0.8801224	-0.6343463	3.0949025	-1.3057948	-3.419764	-1.9032433	-0.48003432	-0.42670596
2	0.495961	2.1326518	1.5666555	1.4397917	-0.2383923	-1.0208712	2.0884426	-2.9486496	-1.2939448	-1.5427591	2.0955985	-2.9453292	-0.41310805	1.8600503	-2.5076334	-1.6203024	-0.435054	0.3728545	-0.8519372	3.768569	-0.020571116	0.3219925	0.5710448	-2.922025	0.27355355	-3.4045548	0.652504	-1.6718643	-0.11004555	-1.947422	1.40464	0.09196128	0.8795657	-0.64503354	3.2300522	-1.3153739	-3.544	-1.9892329	-0.51998514	-0.44147968
3	0.48757017	2.1793082	1.6155834	1.4936858	-0.2468059	-1.0780871	2.1804616	-3.0784152	-1.3572227	-1.5614676	2.1760924	-3.038305	-0.44940782	1.9188675	-2.601167	-1.6790774	-0.4733779	0.4107446	-0.87213206	3.8945935	0.0015867527	0.34342775	0.5529853	-3.0192842	0.25793076	-3.5324993	0.67624843	-1.709565	-0.1297804	-2.0315845	1.4504539	0.1050395	0.9438709	-0.64998764	3.3026268	-1.3723711	-3.64211	-2.0506449	-0.5133296	-0.4468571
4	0.4494256	1.9512497	1.4505985	1.3356638	-0.21585089	-0.9477195	1.9236593	-2.687577	-1.1598151	-1.3815581	1.9085448	-2.6547031	-0.38797122	1.6811327	-2.2882042	-1.501633	-0.436999	0.37528777	-0.7564273	3.4191644	-0.003334398	0.31408334	0.4806632	-2.695971	0.253569	-3.1303241	0.6011532	-1.5069467	-0.11707561	-1.7871048	1.286095	0.09032061	0.8078004	-0.61541015	2.9004633	-1.187312	-3.2101424	-1.7925594	-0.4459763	-0.42024088
5	0.44123504	2.1562414	1.5357394	1.4643027	-0.2164545	-1.0212402	2.0646145	-2.945829	-1.3142862	-1.5227387	2.074894	-2.9810426	-0.41197783	1.8436543	-2.5344663	-1.5938318	-0.4652513	0.3790463	-0.88220644	3.739311	0.00047788033	0.32682014	0.54544336	-2.886521	0.24460281	-3.403317	0.6861166	-1.6606704	-0.11583533	-1.9654267	1.3665386	0.07616307	0.9023708	-0.62221724	3.2184665	-1.2869616	-3.5326884	-2.014018	-0.5057644	-0.3991983
6	0.5101763	2.2253563	1.7260704	1.5533648	-0.27667034	-1.1210876	2.323889	-3.2031114	-1.4229946	-1.6389568	2.3029196	-3.1969335	-0.45650145	2.0148602	-2.7380216	-1.722709	-0.46537778	0.41988498	-0.9147013	4.085029	-0.024418727	0.3817669	0.5660134	-3.161564	0.29067135	-3.7093205	0.66978073	-1.7912031	-0.12844534	-2.1198394	1.5429603	0.09827844	0.9971386	-0.6809123	3.4264288	-1.45561	-3.8125389	-2.1308594	-0.54248554	-0.44019258
7	0.39072064	2.0404263	1.5244455	1.4463108	-0.27214524	-1.0239755	1.9995575	-2.886927	-1.3178922	-1.4535311	2.0435505	-2.837307	-0.40908974	1.795044	-2.4741242	-1.5686898	-0.48233956	0.41336426	-0.8567107	3.6481993	0.035974298	0.36633456	0.49130455	-2.8357453	0.19554667	-3.3578196	0.6615549	-1.5713342	-0.10260455	-1.9136412	1.3706589	0.048629016	0.8982084	-0.5817608	3.082929	-1.2896634	-3.3971617	-1.9377452	-0.47104993	-0.37437993
8	0.4753806	2.1995564	1.5946441	1.4635382	-0.25478286	-1.0852046	2.174656	-3.0874143	-1.3837142	-1.5111398	2.1303995	-3.0307603	-0.4625721	1.9144509	-2.5652368	-1.6572342	-0.48039666	0.4202084	-0.87646854	3.8921971	0.036154613	0.32449824	0.5402454	-2.9819984	0.2546496	-3.4774888	0.64824677	-1.7146034	-0.123437	-2.0399456	1.4388947	0.15049748	0.97972584	-0.6557217	3.3082504	-1.4004258	-3.6629357	-2.0578735	-0.52694005	-0.44024318
9	0.497781	2.2014856	1.6232247	1.4902792	-0.24970907	-1.0557364	2.1668754	-3.0433307	-1.3734249	-1.5860647	2.2049608	-3.0403848	-0.43033814	1.9207242	-2.603191	-1.6615052	-0.48430514	0.4271245	-0.84799314	3.8811371	0.013415714	0.31401134	0.56768084	-3.046857	0.2877806	-3.5504923	0.6837531	-1.7098653	-0.15005986	-2.0181031	1.463129	0.10401967	0.9358767	-0.6563328	3.3380795	-1.3533435	-3.6396396	-2.0356085	-0.56547546	-0.4270389
10	0.47053003	2.1384273	1.6001292	1.4764744	-0.24536493	-1.0918872	2.1792781	-3.0365918	-1.3573753	-1.5023662	2.1235504	-3.0231793	-0.4393143	1.8803931	-2.5533037	-1.6283896	-0.46312776	0.38908756	-0.90297735	3.8388052	0.008461032	0.37178123	0.5462291	-2.930311	0.2124851	-3.4902735	0.65286744	-1.6812824	-0.12371692	-2.0116646	1.438071	0.13731788	0.9499018	-0.6490677	3.2643259	-1.3959633	-3.6193888	-2.0558789	-0.5116374	-0.42049724
11	0.4569387	1.976442	1.465956	1.3454663	-0.23608446	-1.0156251	2.0072544	-2.799862	-1.2106977	-1.3894479	1.9330034	-2.7738354	-0.40175962	1.7324046	-2.3056455	-1.5178689	-0.4270069	0.33867657	-0.8038519	3.5383132	0.0014209283	0.32584822	0.5100814	-2.7005804	0.18977875	-3.192364	0.59712803	-1.5539107	-0.11093327	-1.8355224	1.311931	0.14295107	0.8631054	-0.61456114	2.990232	-1.2917014	-3.3092146	-1.860853	-0.43173507	-0.4292943
12	0.4552034	2.0680609	1.611404	1.4585333	-0.32514632	-1.1393949	2.176614	-3.041309	-1.3774351	-1.482105	2.140035	-2.9889114	-0.40687856	1.8881689	-2.5355654	-1.6332756	-0.50494725	0.38658813	-0.8686164	3.8509524	0.021003408	0.35550204	0.5236219	-2.9160433	0.17310756	-3.474315	0.60582525	-1.6798306	-0.1021277	-2.0383286	1.4371184	0.14373147	0.9159423	-0.6331405	3.205514	-1.4231454	-3.5436943	-1.9711359	-0.45653278	-0.44495535
13	0.45673168	2.053538	1.5332232	1.4124815	-0.24450341	-1.0345263	2.0725343	-2.8679118	-1.2576693	-1.4391704	2.0065622	-2.843584	-0.40373564	1.7703168	-2.413393	-1.5673397	-0.46244577	0.37392068	-0.826346	3.6295927	0.00618424	0.34314042	0.50855947	-2.818718	0.23594013	-3.3074098	0.6186305	-1.5950662	-0.118964165	-1.9072632	1.3614919	0.13210645	0.870054	-0.63827187	3.0733347	-1.2943238	-3.415521	-1.9065782	-0.46483558	-0.4403857
14	0.45715976	1.9404714	1.40903	1.3063382	-0.20169878	-0.8964473	1.8671085	-2.6363988	-1.1463772	-1.4409931	1.9280713	-2.6513574	-0.36748353	1.6843535	-2.2957385	-1.4679048	-0.40305942	0.3430621	-0.7497516	3.3925586	-0.03893284	0.26480576	0.5234829	-2.6776152	0.2797627	-3.0889232	0.62117386	-1.5150187	-0.12039366	-1.7404294	1.2573214	0.043226987	0.76623464	-0.5797747	2.9272676	-1.1339679	-3.1809654	-1.7763565	-0.48359028	-0.39971644
15	0.41403836	2.1411338	1.5427362	1.4284008	-0.26614186	-1.0790412	2.0730302	-2.987863	-1.351298	-1.4812305	2.0736125	-2.8867798	-0.4229851	1.8715198	-2.5128176	-1.5944188	-0.4844335	0.42531154	-0.90040404	3.768218	0.041417137	0.30958933	0.5292248	-2.8889596	0.23972408	-3.368519	0.66273135	-1.650687	-0.12910852	-1.9727559	1.3803909	0.11710224	0.9532305	-0.61361426	3.216491	-1.3500407	-3.5530891	-2.006628	-0.54504126	-0.37132984
16	0.4814169	2.1265593	1.5651039	1.4399137	-0.26291078	-1.0544552	2.1075928	-2.9610252	-1.3198408	-1.4945018	2.0843086	-2.9359498	-0.4226842	1.8412678	-2.4913769	-1.6108559	-0.457823	0.38701165	-0.85472554	3.7670302	0.015234008	0.32439676	0.5346868	-2.9136922	0.23523135	-3.39886	0.6303796	-1.659432	-0.11277865	-1.954536	1.4111199	0.12573923	0.9002886	-0.64826065	3.2135265	-1.3489816	-3.5376804	-1.9755247	-0.503607	-0.44111097
17	0.4925103	2.2414646	1.6831188	1.5544572	-0.25424597	-1.1107339	2.241596	-3.1706982	-1.4129064	-1.5733601	2.2178643	-3.0917063	-0.49454832	1.940961	-2.7097483	-1.7469444	-0.48469365	0.44321823	-0.93632674	3.9912858	0.016291605	0.38776365	0.50315607	-3.1223102	0.25265554	-3.6183798	0.6576566	-1.753028	-0.116802074	-2.111756	1.5318483	0.09179937	0.9597131	-0.68895847	3.374316	-1.442483	-3.759827	-2.121802	-0.58084464	-0.42850733
18	0.46876544	2.129572	1.6401062	1.4970181	-0.27272052	-1.0905254	2.224908	-3.0772283	-1.3657056	-1.5429403	2.1734622	-3.0915518	-0.43168783	1.9119095	-2.603956	-1.6600299	-0.46360904	0.38059998	-0.86913633	3.9086545	-0.01947245	0.38203362	0.54181886	-2.9880505	0.23068859	-3.549298	0.65390193	-1.7139381	-0.10326584	-2.047085	1.4627535	0.104798876	0.9540411	-0.6497223	3.2649398	-1.3967409	-3.6262066	-2.044023	-0.4605603	-0.4505486
19	0.49457118	2.0357325	1.4549634	1.3617764	-0.19840786	-0.93063736	1.9271024	-2.7364755	-1.177358	-1.4878294	1.960809	-2.7197697	-0.40060937	1.7111455	-2.3426495	-1.5493859	-0.4176372	0.36807007	-0.7562916	3.4938166	-0.009373721	0.28672692	0.51918095	-2.8008075	0.2862682	-3.1839435	0.641423	-1.5454786	-0.12623966	-1.7922575	1.321206	0.06620053	0.79393137	-0.624198	3.027506	-1.187368	-3.2831194	-1.8364558	-0.51481503	-0.4391355
20	0.47609308	2.0307295	1.519132	1.3727796	-0.23168513	-1.0137748	2.0474365	-2.872224	-1.252823	-1.4673071	2.0211365	-2.8503408	-0.41849545	1.803737	-2.4296947	-1.5650104	-0.42178133	0.3758774	-0.8225055	3.6551712	-0.015407968	0.31526107	0.5044858	-2.8225036	0.25058812	-3.2756417	0.6094156	-1.6193956	-0.10657844	-1.9047521	1.3570182	0.099792145	0.8774271	-0.6341048	3.0996501	-1.3068402	-3.4201772	-1.9215435	-0.49004912	-0.41870582
21	0.4605028	2.0570416	1.4967723	1.3906053	-0.23324686	-1.0151651	2.0320773	-2.8615153	-1.2546215	-1.4312856	1.9706533	-2.8187993	-0.42227182	1.7597286	-2.395875	-1.5712363	-0.44035915	0.3759868	-0.8058137	3.6249034	0.0003563994	0.31785598	0.49626827	-2.8033507	0.22663166	-3.2464957	0.6050147	-1.6142024	-0.0797738	-1.9004506	1.3515593	0.121240415	0.88531244	-0.6350612	3.0579174	-1.2966139	-3.3919475	-1.9094156	-0.46749353	-0.4210577
22	0.43938747	2.170219	1.5987133	1.4702896	-0.2972228	-1.1017609	2.156994	-3.0379105	-1.3506899	-1.442565	2.0672529	-2.8844607	-0.45766997	1.8532777	-2.5413587	-1.7257986	-0.5280749	0.41709173	-0.83341515	3.8118064	0.02446755	0.3469564	0.49510887	-2.9790864	0.24375825	-3.4133053	0.66418767	-1.6779112	-0.098427214	-2.033848	1.4242517	0.13917235	0.9113802	-0.7041164	3.2304423	-1.3602054	-3.5825493	-1.9930353	-0.44163498	-0.5446762
23	0.4673665	2.0241783	1.458379	1.354834	-0.21018618	-0.9305812	1.9562105	-2.755224	-1.1990676	-1.4500988	1.9653533	-2.7608047	-0.41263026	1.7062815	-2.3616712	-1.5436212	-0.42497778	0.3474653	-0.76336294	3.5216641	-0.032550853	0.30056027	0.5332883	-2.7500403	0.2710448	-3.1846716	0.6315346	-1.5742741	-0.11438502	-1.8144832	1.3284101	0.06773981	0.80247927	-0.6083407	3.0194209	-1.1890174	-3.3028924	-1.8526535	-0.50015813	-0.44591582
24	0.4567507	2.0581431	1.5388572	1.4073771	-0.26563707	-1.0243683	2.0514188	-2.8812416	-1.2662117	-1.4959054	2.0364962	-2.868749	-0.39073053	1.8191131	-2.4394844	-1.5732106	-0.44183567	0.36079812	-0.83331925	3.6790247	-0.013347624	0.325355	0.5360903	-2.8451326	0.23892085	-3.3256967	0.63405615	-1.6214266	-0.10484801	-1.9035567	1.3695636	0.092262216	0.8771951	-0.6256874	3.1121051	-1.304881	-3.4255683	-1.9178238	-0.476373	-0.41795498
25	0.44294417	2.0429282	1.4929956	1.385124	-0.23837206	-1.0011855	2.0225203	-2.844058	-1.2414402	-1.4292369	1.9820617	-2.7865112	-0.41320083	1.7719626	-2.391037	-1.5798322	-0.45915717	0.3651743	-0.7835574	3.5956917	-0.0056594796	0.3091112	0.5076247	-2.798855	0.24007893	-3.246468	0.62947917	-1.5960273	-0.11002814	-1.884455	1.3346732	0.10691735	0.87848055	-0.6353039	3.0356967	-1.2680315	-3.3564513	-1.877898	-0.4505494	-0.43297076
26	0.4550868	2.149466	1.5703402	1.4593345	-0.28914315	-1.1133634	2.1479008	-3.023064	-1.3346442	-1.4950266	2.090838	-2.9742825	-0.4132567	1.870994	-2.4847507	-1.6388783	-0.51264447	0.3821737	-0.83937865	3.8219752	0.01583518	0.3254858	0.5619121	-2.9134772	0.19986865	-3.446475	0.66428953	-1.6834418	-0.11337004	-1.9929303	1.4010301	0.1567372	0.9383615	-0.6443977	3.2202528	-1.3735803	-3.5449507	-1.9840546	-0.45001283	-0.46210158
27	0.47076648	2.199991	1.6395091	1.4960076	-0.28368765	-1.1362371	2.2452676	-3.134984	-1.4085574	-1.5338925	2.2041	-3.0872881	-0.4334554	1.9673555	-2.6106327	-1.6870109	-0.49862105	0.41166428	-0.8768459	3.9708686	0.0052024694	0.32239282	0.5801882	-3.0230894	0.22456834	-3.5836182	0.6806191	-1.7543793	-0.11917069	-2.0807953	1.4555407	0.16019686	0.994426	-0.6601955	3.3616617	-1.4296507	-3.7046657	-2.0795453	-0.4740983	-0.45457268
28	0.50508994	1.993386	1.4318066	1.3510541	-0.18535143	-0.9237391	1.9241362	-2.671891	-1.1515044	-1.4396986	1.944944	-2.697243	-0.3918213	1.6588506	-2.277606	-1.5201665	-0.4183178	0.36044142	-0.7050256	3.429796	-0.015872773	0.29118276	0.52781177	-2.7443748	0.24684979	-3.175119	0.6452886	-1.5172818	-0.1287227	-1.7455188	1.3095027	0.08946136	0.7906953	-0.62682956	2.977351	-1.1643618	-3.211344	-1.8075416	-0.4660346	-0.45118308
29	0.43999913	1.9399462	1.433969	1.3430442	-0.20720771	-0.95173347	1.9364916	-2.6834004	-1.1503013	-1.3509264	1.8819793	-2.6068397	-0.39859182	1.6559043	-2.2845569	-1.5176338	-0.44352946	0.3575108	-0.7479814	3.3838277	-0.011630557	0.3117224	0.45621702	-2.6862583	0.24085209	-3.092497	0.584323	-1.5038749	-0.11020332	-1.7917296	1.274649	0.10182148	0.8041748	-0.6245702	2.8429558	-1.1838993	-3.1778991	-1.764308	-0.42574766	-0.4203509
30	0.46936062	2.0467274	1.5178428	1.384761	-0.24265024	-1.0127943	2.0434413	-2.8692918	-1.249643	-1.461084	2.0197155	-2.8580325	-0.41353342	1.7954605	-2.4081264	-1.5559108	-0.4377267	0.37921074	-0.81075853	3.6522145	-0.0012132988	0.31354335	0.5099044	-2.821198	0.2413109	-3.2924833	0.612665	-1.6127253	-0.11168048	-1.8900206	1.3571113	0.10701373	0.8876622	-0.62461656	3.080717	-1.2988371	-3.4052353	-1.9044161	-0.4720604	-0.41545236
31	0.50620234	2.1428914	1.6055329	1.4984714	-0.24930152	-1.0952952	2.1699204	-3.0112748	-1.2976133	-1.5510635	2.114322	-3.007909	-0.4360019	1.8393426	-2.538822	-1.6621097	-0.49342546	0.40607688	-0.8210402	3.8359647	-0.011120485	0.3807914	0.5110738	-2.9900618	0.23542279	-3.487072	0.64637303	-1.690931	-0.09724805	-2.0040767	1.4496249	0.10475105	0.91532946	-0.6828584	3.1963868	-1.3577307	-3.5422704	-1.9969912	-0.48166206	-0.45575762
32	0.4661514	2.0597744	1.5347866	1.4241245	-0.23577684	-1.0461605	2.0775394	-2.901855	-1.2704961	-1.44998	2.0374956	-2.8564801	-0.4184391	1.7882656	-2.4210284	-1.5807765	-0.46352646	0.39732343	-0.82538515	3.6539907	0.027499516	0.34246477	0.5071685	-2.8500102	0.22043131	-3.3509834	0.6351373	-1.5860524	-0.1362578	-1.9103042	1.3723987	0.13529655	0.8946159	-0.6271922	3.098088	-1.3114777	-3.4275146	-1.9237318	-0.46620446	-0.4324128
33	0.49320132	1.9848322	1.4652297	1.3719859	-0.21521819	-1.017278	2.0375166	-2.7919395	-1.2252054	-1.3921181	1.9447689	-2.7653344	-0.39777642	1.6918653	-2.3041875	-1.5447235	-0.43636867	0.34655398	-0.75155526	3.5168328	0.014857766	0.3245257	0.5068342	-2.7467642	0.19880323	-3.2117238	0.5948806	-1.541726	-0.10822916	-1.849917	1.3271986	0.17835201	0.83760726	-0.63676196	3.0044713	-1.2741532	-3.2995741	-1.8455386	-0.42206308	-0.47994775
34	0.48233625	1.959647	1.3901277	1.3025473	-0.16371578	-0.8512264	1.832376	-2.5758018	-1.0969079	-1.4297438	1.8952692	-2.6153736	-0.37464237	1.6305081	-2.2645223	-1.4847537	-0.40130123	0.33583066	-0.70585835	3.3272712	-0.05642767	0.2587525	0.5284779	-2.6612983	0.302429	-3.049156	0.6313646	-1.5079721	-0.12260835	-1.7094064	1.2509515	0.032751575	0.71955943	-0.60716194	2.9017146	-1.0731705	-3.1382916	-1.7558719	-0.49126923	-0.43228388
35	0.4704961	2.1308234	1.6189766	1.4924353	-0.2649919	-1.0576138	2.171777	-3.016945	-1.3565153	-1.542715	2.161457	-3.0082154	-0.4267708	1.8730698	-2.5926497	-1.651665	-0.46310782	0.39194062	-0.86198366	3.8287845	-0.0024645007	0.35435846	0.51972383	-3.0004582	0.24940957	-3.5031204	0.6510422	-1.6788377	-0.11793337	-2.0083659	1.4544955	0.088135645	0.9084687	-0.64816934	3.2470548	-1.3582687	-3.5802557	-2.0003622	-0.50539434	-0.4369542
36	0.4501432	2.0661	1.5113169	1.4165475	-0.2473346	-1.0142279	2.047398	-2.8786478	-1.2729477	-1.434488	2.0006785	-2.8470457	-0.41895813	1.7754064	-2.400339	-1.5885825	-0.48556417	0.37799814	-0.7798449	3.6344674	0.023139914	0.33901685	0.5200045	-2.8209486	0.22899587	-3.3125575	0.63747674	-1.5920483	-0.11578015	-1.9082949	1.3578119	0.12751569	0.8913027	-0.63096315	3.0644486	-1.276562	-3.3857172	-1.8997607	-0.4362889	-0.4628597
37	0.48060003	2.0925033	1.5419992	1.4360017	-0.25344154	-1.0627197	2.1074798	-2.930002	-1.3021711	-1.4992851	2.0807476	-2.9153774	-0.3996113	1.8280398	-2.4433348	-1.5789944	-0.4643961	0.3901387	-0.81074286	3.7294405	0.010451913	0.31652492	0.55042535	-2.8937542	0.22389673	-3.4011548	0.6462628	-1.6360489	-0.1158328	-1.9239371	1.3853073	0.1430604	0.92352104	-0.6305644	3.168286	-1.3336576	-3.476185	-1.94754	-0.46865356	-0.42305833
38	0.4576978	2.1051302	1.5287538	1.420442	-0.23873901	-1.0395068	2.0785933	-2.93714	-1.3201035	-1.4866791	2.0646198	-2.9054804	-0.41165474	1.8262286	-2.4815137	-1.5772163	-0.44120944	0.38441032	-0.86479664	3.7232265	0.0067011947	0.31044063	0.54780394	-2.8638918	0.2456792	-3.349694	0.64120144	-1.6443822	-0.1083688	-1.9414226	1.3742362	0.12182712	0.9001503	-0.61306375	3.1993024	-1.3196548	-3.5209358	-1.9817468	-0.5149633	-0.4134962
39	0.45887992	1.9380577	1.4045646	1.3078079	-0.19842628	-0.8964855	1.8731955	-2.6233637	-1.1428659	-1.3986695	1.9030461	-2.659481	-0.37727457	1.6492778	-2.2682822	-1.4679077	-0.41032788	0.3335409	-0.7353364	3.3708513	-0.029805405	0.2789726	0.50972986	-2.6452804	0.24799846	-3.0789092	0.60590476	-1.5096697	-0.11691661	-1.7378707	1.2668976	0.062332936	0.7663168	-0.59339637	2.8987749	-1.1410272	-3.1575825	-1.7683804	-0.46940824	-0.40764195
40	0.41192406	1.9803724	1.4425462	1.3482643	-0.2328029	-0.975878	1.9539129	-2.7541983	-1.2081316	-1.3792913	1.9114499	-2.6782773	-0.40126425	1.6961838	-2.3103464	-1.5114855	-0.44317585	0.3673564	-0.7864202	3.455755	0.021112187	0.3039212	0.4698285	-2.7150376	0.22689125	-3.1398149	0.6127014	-1.5127155	-0.12244271	-1.8086371	1.2903686	0.10904418	0.85216093	-0.5932161	2.9304929	-1.2300819	-3.2476723	-1.8121512	-0.45247445	-0.40153056
41	0.44188604	2.0196083	1.4900652	1.3912996	-0.2367487	-1.0107473	2.0098662	-2.827462	-1.2133482	-1.4116633	1.9360257	-2.7406523	-0.4202317	1.7248654	-2.3516662	-1.5751705	-0.46548042	0.38050708	-0.7792633	3.5469298	0.020268753	0.34439027	0.467046	-2.7865455	0.23035407	-3.215803	0.6117248	-1.5490619	-0.11160294	-1.868422	1.3368294	0.11635201	0.87046206	-0.6310689	2.95634	-1.2634718	-3.299787	-1.8467715	-0.44170982	-0.43651134
42	0.4539068	2.092931	1.593924	1.4571137	-0.2813311	-1.1022065	2.1599731	-3.0076826	-1.3438054	-1.4744807	2.1045609	-2.9695196	-0.42016786	1.8621991	-2.5047793	-1.5973939	-0.47455704	0.39888817	-0.88098	3.8070562	0.022967996	0.3685575	0.528278	-2.8990605	0.20587337	-3.4527025	0.62235886	-1.6541978	-0.11605924	-1.986698	1.4249156	0.14400718	0.94851446	-0.62927705	3.1865938	-1.3923635	-3.5553255	-1.9953392	-0.47886053	-0.41308767
43	0.43971547	1.9548372	1.4243431	1.3391529	-0.19297302	-0.921704	1.9248381	-2.6838655	-1.1912498	-1.4243706	1.927248	-2.7140322	-0.38367435	1.6849617	-2.3263824	-1.4689317	-0.4128376	0.33456048	-0.78287596	3.4277847	-0.031623635	0.31184313	0.522429	-2.6738083	0.25292078	-3.1365654	0.6212156	-1.5251552	-0.11580782	-1.7807332	1.2823744	0.06952406	0.81185925	-0.5846601	2.9484615	-1.176918	-3.236904	-1.832535	-0.49473256	-0.38097394
44	0.48622975	2.091948	1.5487305	1.4529202	-0.23219478	-1.0974629	2.1035569	-2.945687	-1.2949275	-1.4692484	2.0364778	-2.8925543	-0.43603605	1.8078208	-2.46319	-1.6063441	-0.49293002	0.43365934	-0.8311159	3.7199757	0.03459859	0.35575852	0.46613294	-2.9071422	0.20293659	-3.3814278	0.61938626	-1.6322864	-0.09838783	-1.9735672	1.3914968	0.14329685	0.93159115	-0.6719534	3.1272414	-1.363298	-3.4691303	-1.9683902	-0.4802429	-0.40782392
45	0.48209837	2.1502914	1.6005098	1.4767324	-0.2733675	-1.0709045	2.143938	-3.0182548	-1.3557329	-1.5589957	2.1385736	-2.9998014	-0.43486354	1.8819885	-2.5789971	-1.6333238	-0.4570422	0.39742088	-0.8896787	3.8521934	0.008802627	0.34769544	0.52882177	-2.989934	0.24152917	-3.4709837	0.64329916	-1.6889536	-0.110769756	-1.9935284	1.4522505	0.09356146	0.9216591	-0.6453038	3.2654426	-1.3742465	-3.5962193	-2.0198908	-0.5383004	-0.41800362
46	0.4940523	2.1553807	1.6029774	1.4775683	-0.24754718	-1.0920569	2.174409	-3.0418074	-1.3457628	-1.5406634	2.1355028	-3.0291295	-0.4353586	1.9010173	-2.5590708	-1.6463877	-0.473892	0.3990177	-0.87175965	3.8592784	0.0074562477	0.34972936	0.53998643	-2.9778938	0.23589227	-3.4962053	0.65306544	-1.6978972	-0.12105928	-2.0204372	1.435435	0.12912141	0.9465933	-0.66830605	3.2738092	-1.3909281	-3.6112797	-2.0379918	-0.50770134	-0.4328128
47	0.48798117	2.0785298	1.5750313	1.4467156	-0.22810203	-1.0232266	2.1289039	-2.951496	-1.2913985	-1.521921	2.097499	-2.9477804	-0.4371705	1.8324586	-2.5152395	-1.6251082	-0.43559012	0.38719192	-0.811658	3.7527869	-0.021050964	0.3614143	0.5179049	-2.9321253	0.26133028	-3.4163651	0.6463521	-1.6462132	-0.112476386	-1.9538051	1.4210289	0.087064855	0.91077197	-0.6472468	3.1596167	-1.3184232	-3.4920862	-1.972996	-0.48195794	-0.4443406
48	0.47597554	2.0595944	1.4904586	1.4064323	-0.23378763	-0.9982272	2.0066824	-2.8269517	-1.2437859	-1.480604	2.0110953	-2.8107238	-0.4094401	1.7516046	-2.3721566	-1.5681789	-0.45316204	0.3754382	-0.7866552	3.5832503	0.025427332	0.3203075	0.533097	-2.8393593	0.22073333	-3.308985	0.67571336	-1.5487095	-0.14635387	-1.8310031	1.3534311	0.10868293	0.8536391	-0.6179958	3.101731	-1.2575575	-3.3556702	-1.8900133	-0.4723726	-0.46009123
49	0.47490185	2.0911162	1.5911384	1.442653	-0.26722446	-1.0601418	2.1427364	-2.9745932	-1.3188832	-1.4965057	2.0979278	-2.963919	-0.41519186	1.8624524	-2.5165186	-1.6113881	-0.45055187	0.37481195	-0.85743845	3.7900171	-0.016146451	0.34761158	0.5305112	-2.9090557	0.24372733	-3.4182205	0.61259806	-1.6778113	-0.09498578	-1.9833795	1.4166573	0.11388147	0.90842223	-0.65286714	3.19019	-1.3648555	-3.5460203	-1.9796228	-0.48236632	-0.43246287
50	0.47281474	2.1615443	1.5640182	1.446042	-0.2601669	-1.0379907	2.106729	-2.944298	-1.3132862	-1.5254323	2.1048982	-2.9420218	-0.41677636	1.8509847	-2.5278077	-1.6161255	-0.4659705	0.37825307	-0.8525818	3.7688293	-0.01739409	0.28480592	0.5425571	-2.9422343	0.25320205	-3.4051192	0.65630263	-1.6935201	-0.11593242	-1.9497603	1.4019227	0.09883709	0.88704026	-0.65410966	3.2374713	-1.3199509	-3.5437758	-1.9696034	-0.5207974	-0.42480612
51	0.4669285	2.0709982	1.5362698	1.4182189	-0.24652615	-1.0212185	2.0679543	-2.899673	-1.2818896	-1.4786077	2.043915	-2.889853	-0.4062648	1.8016965	-2.4447625	-1.5891387	-0.44645816	0.36747688	-0.8192389	3.6874013	-0.0061815744	0.33655563	0.5433892	-2.8463144	0.240099	-3.3429573	0.6370549	-1.6236335	-0.10469816	-1.919816	1.3803898	0.10824616	0.8762171	-0.6284682	3.1351197	-1.2993803	-3.450512	-1.9397621	-0.47510424	-0.4465139
52	0.47629803	2.1374526	1.6115538	1.4689196	-0.26056066	-1.0694935	2.172448	-3.0174294	-1.3309408	-1.5166951	2.1395295	-2.9882925	-0.4259648	1.8874494	-2.5359135	-1.6344467	-0.4699313	0.4041599	-0.8550956	3.8208423	0.011897745	0.34279335	0.5381309	-2.971144	0.2587185	-3.4888544	0.6523408	-1.6680794	-0.1394355	-1.9893041	1.4304309	0.12828138	0.93823755	-0.65060633	3.2325091	-1.3623602	-3.5833848	-1.9952941	-0.48555717	-0.4440577
53	0.46495196	1.8071715	1.204001	1.1550736	-0.106452376	-0.70392305	1.5842305	-2.2570689	-0.9401996	-1.3124486	1.67607	-2.3373911	-0.34647715	1.4250267	-2.0044017	-1.3359665	-0.35794708	0.27760458	-0.6057357	2.9394267	-0.07210725	0.2070812	0.5205296	-2.3672357	0.30323836	-2.6946137	0.5995581	-1.357707	-0.124409795	-1.4831259	1.1041514	0.0077997698	0.5894946	-0.5505753	2.630966	-0.8888858	-2.7985425	-1.5718731	-0.48226056	-0.42391974
54	0.47232467	1.8807524	1.2488222	1.2244797	-0.1268628	-0.7896103	1.6567515	-2.3739169	-0.9958352	-1.3629326	1.7343751	-2.3581476	-0.34615397	1.4831883	-2.064543	-1.4085982	-0.39533445	0.31830508	-0.6307541	3.0409632	-0.0267666	0.21110284	0.51029354	-2.5133643	0.2946247	-2.8076324	0.63220966	-1.3714386	-0.13715987	-1.5490091	1.1414557	0.04458212	0.63810253	-0.5801266	2.7291005	-0.9619445	-2.8965163	-1.6166062	-0.48789698	-0.4338343
55	0.43418056	1.6984766	1.133141	1.0850856	-0.100382164	-0.6691219	1.4899664	-2.1155179	-0.87512904	-1.2350699	1.5752404	-2.1684449	-0.32715923	1.3384274	-1.8951329	-1.2698689	-0.3490141	0.26885074	-0.562183	2.754263	-0.072353594	0.18875477	0.47353384	-2.2410355	0.29039004	-2.5236251	0.5712297	-1.2765322	-0.121960655	-1.3986999	1.0339495	0.0006605105	0.54835296	-0.5316116	2.4640806	-0.8281145	-2.6171694	-1.4663744	-0.4541073	-0.4021902
56	0.39484796	1.6561038	1.1075039	1.0673224	-0.11685417	-0.6818948	1.4772409	-2.1082993	-0.87363833	-1.1834946	1.5334886	-2.1287568	-0.32131284	1.3209205	-1.8426806	-1.2388216	-0.35728928	0.26537174	-0.5611762	2.7103934	-0.05256532	0.19542055	0.45892504	-2.1795824	0.26300192	-2.481297	0.562051	-1.2384697	-0.119243294	-1.3802438	1.0001695	0.021142818	0.57036114	-0.5008082	2.3961146	-0.83394516	-2.5692472	-1.4369094	-0.40409043	-0.39671695
57	0.45085618	1.8487061	1.3030403	1.2263147	-0.1524823	-0.81427866	1.7243245	-2.4194293	-1.0169828	-1.3146905	1.7448943	-2.4299653	-0.3544479	1.5237715	-2.0919073	-1.3992145	-0.39036715	0.32379135	-0.6587334	3.1045437	-0.033709027	0.25284955	0.48401192	-2.4937446	0.27526554	-2.854501	0.59420615	-1.3977149	-0.11725856	-1.6020387	1.1626843	0.059088424	0.69321036	-0.58692616	2.7014697	-1.0172493	-2.9389923	-1.6433473	-0.4321995	-0.42063534
58	0.45026034	1.8833615	1.2687608	1.216134	-0.13410366	-0.7642393	1.6709354	-2.3944213	-1.0004671	-1.3433164	1.7419202	-2.4395368	-0.366289	1.5088295	-2.1062653	-1.4083436	-0.39089587	0.3024089	-0.6468793	3.093718	-0.06027806	0.22935295	0.5172936	-2.4755356	0.29735705	-2.8230033	0.6276853	-1.4172333	-0.12050767	-1.5782838	1.1482575	0.0129148895	0.65170944	-0.5738283	2.7286808	-0.9535705	-2.9305382	-1.6491499	-0.4609063	-0.44025463
59	0.44337735	1.7198544	1.1313933	1.0819019	-0.10377684	-0.6604716	1.4849004	-2.1094654	-0.90105283	-1.2492124	1.6027633	-2.207195	-0.3158323	1.3458742	-1.9007919	-1.2447045	-0.33364463	0.2594432	-0.5842395	2.7738616	-0.07139284	0.16905184	0.51263493	-2.2330627	0.28151467	-2.546732	0.5763371	-1.2915798	-0.12635578	-1.3854337	1.0450917	0.006649752	0.54206467	-0.5157296	2.5300415	-0.83421445	-2.6565628	-1.4907776	-0.49145275	-0.38481575
60	0.4625914	1.8997276	1.2989032	1.2329376	-0.14405555	-0.79125106	1.7114198	-2.4345567	-1.0314331	-1.3702575	1.7839223	-2.4801495	-0.3665851	1.5401926	-2.1516023	-1.4168386	-0.38963735	0.31055892	-0.67885554	3.1457698	-0.04729482	0.23107396	0.5109117	-2.526764	0.2960187	-2.872797	0.6227135	-1.4307021	-0.13481604	-1.6078209	1.1746302	0.023681642	0.6617408	-0.5820158	2.7832043	-0.9905873	-2.9852202	-1.6723886	-0.4877797	-0.43171352
61	0.4412552	1.8150281	1.2268642	1.1740996	-0.12866732	-0.727908	1.6100874	-2.2877994	-0.97078615	-1.309284	1.6962054	-2.3412287	-0.3406392	1.445825	-2.049925	-1.352877	-0.369465	0.28006694	-0.63481474	2.970731	-0.0710675	0.2122139	0.5085963	-2.3940835	0.29890892	-2.718854	0.59983945	-1.3710235	-0.11778066	-1.5172194	1.1142485	0.0036082435	0.5947565	-0.5556081	2.6529298	-0.90989363	-2.8355758	-1.5848732	-0.47949675	-0.41913182
62	0.42506543	1.7489828	1.1429318	1.116716	-0.09663687	-0.69302803	1.5145674	-2.1733396	-0.8849405	-1.2363981	1.570538	-2.1911771	-0.33391273	1.3648156	-1.900661	-1.298148	-0.36647207	0.28091604	-0.57623917	2.7958143	-0.05443631	0.20284939	0.48526457	-2.2734065	0.29473656	-2.5657465	0.5959044	-1.282757	-0.121869475	-1.4241911	1.0305079	0.02277434	0.5878078	-0.5398635	2.4929545	-0.8443091	-2.6733487	-1.5030715	-0.42515627	-0.41998678
63	0.42903343	1.7463044	1.1840539	1.1328102	-0.121834405	-0.71237236	1.5507818	-2.2116973	-0.9193139	-1.2611275	1.6278107	-2.2567055	-0.33071208	1.398918	-1.9441601	-1.3025403	-0.36414883	0.2875261	-0.59606427	2.861883	-0.051449344	0.21576032	0.4876178	-2.3105483	0.27801377	-2.6399632	0.5919903	-1.3012346	-0.12535116	-1.4502243	1.070594	0.014659466	0.60077095	-0.53399736	2.5374372	-0.8837558	-2.7125275	-1.5244654	-0.43744114	-0.4050902
64	0.4546504	1.7607932	1.1492692	1.1047251	-0.10569927	-0.67832285	1.492808	-2.1737967	-0.9168454	-1.2933338	1.6239995	-2.246121	-0.3304341	1.3881949	-1.944111	-1.2702811	-0.33710113	0.28064287	-0.61581546	2.8430383	-0.05312815	0.17646995	0.5029928	-2.2954543	0.29926756	-2.5842104	0.5767022	-1.31054	-0.124958426	-1.4207125	1.0595015	-0.003969538	0.5604532	-0.51841104	2.5756967	-0.86064434	-2.7182577	-1.5251627	-0.511625	-0.38083923
65	0.44914907	1.8080171	1.2369381	1.1734977	-0.14584327	-0.7623419	1.6423076	-2.3327432	-1.0041668	-1.3155272	1.722512	-2.3973095	-0.35109526	1.4694096	-2.059841	-1.3442185	-0.37059426	0.27767202	-0.66060835	3.0251431	-0.054386914	0.22412367	0.5141092	-2.395735	0.26237583	-2.7581308	0.5912383	-1.3789032	-0.12820423	-1.5328406	1.135438	0.024970327	0.6193404	-0.5446984	2.6929228	-0.96281856	-2.8706572	-1.6114334	-0.48995504	-0.41310787
66	0.41263545	1.7209108	1.1637272	1.1094185	-0.13497153	-0.72590226	1.5376483	-2.2193186	-0.92103785	-1.2258813	1.581902	-2.2492666	-0.34056616	1.3904341	-1.9072253	-1.2787731	-0.36288846	0.28422335	-0.6059399	2.8533843	-0.027395377	0.22795735	0.46369138	-2.259887	0.2525326	-2.5894153	0.56384057	-1.284904	-0.11631813	-1.4483256	1.0561423	0.032462552	0.6261767	-0.5205122	2.4904652	-0.9083552	-2.6868718	-1.5152459	-0.4182016	-0.39612937
67	0.4591666	1.7970458	1.206649	1.1576867	-0.10820972	-0.7155419	1.5867503	-2.265687	-0.9415501	-1.3066576	1.6790699	-2.3310928	-0.34521866	1.4375643	-2.009527	-1.3387208	-0.360529	0.2823913	-0.6142336	2.9436429	-0.06770155	0.21331814	0.51459795	-2.3675752	0.29595226	-2.7010367	0.60228115	-1.3518378	-0.1268103	-1.490581	1.0983523	0.0077712135	0.59888923	-0.5512718	2.6261508	-0.8963858	-2.7993088	-1.5762033	-0.4670627	-0.421219
68	0.45936224	1.7913216	1.2094415	1.151928	-0.11584873	-0.6945734	1.5788321	-2.235991	-0.94427145	-1.3139778	1.6866068	-2.3116822	-0.33542794	1.4324063	-2.0129387	-1.3267511	-0.35407758	0.28846672	-0.5990566	2.9240937	-0.071511805	0.1954417	0.5096693	-2.3844242	0.31764725	-2.6932209	0.59887195	-1.3477577	-0.12365033	-1.4759374	1.0974905	-0.0011165888	0.5869639	-0.5491436	2.62349	-0.87724996	-2.7856696	-1.553811	-0.47079143	-0.42047662
69	0.4172006	1.7210616	1.129509	1.0908375	-0.10768897	-0.66936886	1.4827521	-2.1319628	-0.9032805	-1.2354882	1.5793545	-2.1821868	-0.33094507	1.3586931	-1.9148769	-1.2590934	-0.34376645	0.26700312	-0.60806483	2.774142	-0.05804704	0.18872008	0.49329987	-2.2346978	0.27979094	-2.5358877	0.587788	-1.2755766	-0.12967473	-1.3983822	1.0315897	0.0035314811	0.5630193	-0.511127	2.503979	-0.8325777	-2.6580527	-1.5000253	-0.46504125	-0.39251965
70	0.41443753	1.7807317	1.224402	1.176457	-0.13381213	-0.7535479	1.6130252	-2.3122346	-0.974311	-1.2874259	1.6685961	-2.321739	-0.34222445	1.4644911	-2.0193317	-1.3370174	-0.37234697	0.30563357	-0.6400527	2.9589496	-0.02545075	0.24146868	0.47447127	-2.3862236	0.27653864	-2.7212653	0.60162973	-1.3203559	-0.12877825	-1.5199968	1.0971915	0.025595041	0.66313624	-0.5370956	2.589557	-0.93772274	-2.7988398	-1.5796183	-0.4285056	-0.39438885
71	0.45260662	1.7788157	1.1796559	1.1370778	-0.10104741	-0.6958747	1.5562408	-2.2124512	-0.9187063	-1.2893895	1.6518016	-2.2798367	-0.33912268	1.3905712	-1.9755332	-1.3248899	-0.36490968	0.27228555	-0.58891433	2.8734212	-0.07343492	0.1959432	0.50863284	-2.3299944	0.29742518	-2.6442442	0.60238504	-1.3303003	-0.13487604	-1.4580872	1.0807835	0.0048329444	0.563048	-0.5448843	2.5851252	-0.85978836	-2.7371817	-1.5343128	-0.47872493	-0.42522466
72	0.40802974	1.6431637	1.1053876	1.0493276	-0.12269329	-0.65732014	1.4423977	-2.0664124	-0.8597672	-1.2020396	1.5331807	-2.138113	-0.3134981	1.3121074	-1.8326819	-1.20419	-0.33403558	0.2571719	-0.5754166	2.6979015	-0.05759667	0.19551584	0.46547464	-2.158229	0.264634	-2.4647563	0.54957324	-1.2330917	-0.12024003	-1.3453542	1.007479	-0.003701014	0.54638135	-0.49149448	2.3982058	-0.8241136	-2.5540278	-1.4304405	-0.4370568	-0.3761263
73	0.46337244	1.7663491	1.1705554	1.1268247	-0.09658645	-0.67721415	1.5412154	-2.2157896	-0.921988	-1.3066152	1.6472344	-2.2865622	-0.3577103	1.3912534	-1.9776229	-1.3140976	-0.34191707	0.28093943	-0.5865005	2.8773837	-0.05549176	0.20138115	0.4850935	-2.34379	0.30389854	-2.6271942	0.58823913	-1.3153974	-0.13669407	-1.4466577	1.0894431	-0.0077611026	0.5787591	-0.53236514	2.5716403	-0.8638761	-2.7218015	-1.5313067	-0.4916608	-0.4138623
74	0.4461098	1.7713565	1.1896524	1.1526184	-0.11448318	-0.72544616	1.5752258	-2.2098815	-0.92077494	-1.2590221	1.638956	-2.2395952	-0.32060534	1.3970875	-1.9394809	-1.3202676	-0.3821923	0.29613402	-0.574849	2.853731	-0.044226404	0.20078841	0.49511123	-2.348768	0.28801498	-2.6655562	0.6030117	-1.3002509	-0.13423458	-1.455567	1.0665356	0.045676477	0.5966338	-0.55939966	2.5590956	-0.87728035	-2.7266886	-1.5166838	-0.4202319	-0.43271166
75	0.43088222	1.786327	1.2531071	1.1705735	-0.15027177	-0.7885929	1.6660805	-2.3679764	-0.99005944	-1.2790391	1.6857792	-2.3807437	-0.35386097	1.4897557	-2.0387504	-1.3518056	-0.36880478	0.30293685	-0.6531135	3.03746	-0.042289134	0.24450004	0.47148475	-2.394468	0.2681993	-2.74322	0.5658371	-1.3735766	-0.10272554	-1.5655435	1.1208816	0.045785792	0.67598474	-0.5550311	2.624847	-0.9948115	-2.8640447	-1.6070626	-0.42491308	-0.40574497
76	0.4310117	1.757285	1.184304	1.132893	-0.12277267	-0.71333283	1.5575013	-2.212308	-0.91674936	-1.2548083	1.617459	-2.2373924	-0.32852638	1.3975334	-1.9397749	-1.3060765	-0.3595009	0.28723666	-0.59754795	2.8589249	-0.051776037	0.2098849	0.4847369	-2.322352	0.29532164	-2.6257646	0.5851168	-1.3030847	-0.11838913	-1.4487427	1.0650148	0.024361167	0.5998305	-0.54617804	2.5432491	-0.8851707	-2.7315753	-1.5225079	-0.43222353	-0.41736066
77	0.42014113	1.6685122	1.125118	1.064118	-0.123292975	-0.6713492	1.4707566	-2.0898843	-0.8696863	-1.2014213	1.5475645	-2.1424837	-0.3191191	1.3148148	-1.8443758	-1.2340232	-0.33924282	0.26915205	-0.5665596	2.7193546	-0.05267273	0.1870676	0.4589699	-2.1981761	0.26226762	-2.491938	0.5490224	-1.2480353	-0.11892328	-1.3661162	1.0291437	0.014590094	0.5513829	-0.50938535	2.419938	-0.84173703	-2.575813	-1.435308	-0.44127837	-0.38521135
78	0.42362955	1.6591375	1.0765846	1.0434924	-0.0950344	-0.6319757	1.4128764	-2.029835	-0.8477491	-1.2096263	1.5299959	-2.1180985	-0.30556196	1.2949734	-1.8230854	-1.2021885	-0.3316122	0.2399587	-0.56609946	2.6571875	-0.069993064	0.16792995	0.49409533	-2.1428957	0.27705985	-2.4406362	0.5648611	-1.2336231	-0.12942255	-1.325083	0.9864826	-0.005841093	0.5079942	-0.49607152	2.4243548	-0.7873734	-2.5480108	-1.4270113	-0.46072522	-0.38610977
