	0	1	2	3	4	5	6	7	8	9	10	11	12	13	14	15	16	17	18	19	20	21	22	23	24	25	26	27	28	29	30	31	32	33	34	35	36	37	38	39	40	41	42	43	44	45	46	47	48	49	50
0	-1.6556045	0.8075312	-0.86578745	-1.2136468	0.13856643	-1.0660242	-2.0292356	-1.1908944	0.9149388	-1.6090373	0.33880886	1.014873	-1.257596	-1.0939039	-0.22737134	-1.830284	-1.1598221	-0.790563	2.6214893	-0.08366372	-1.4836562	1.4194922	0.4636908	-0.2950787	0.93528783	0.3535095	0.34150377	-1.0841109	-0.6933909	-2.3625777	-0.13118508	1.0412338	-0.7040554	1.8491261	1.6499662	-0.9756096	0.40296003	1.3489869	1.2186099	-0.08235215	-1.3567184	0.0005229872	-1.0379103	-0.3842716	-1.9341283	-0.08601088	0.24776669	-1.8561769	0.57205564	-2.0691555	-1.5826514
1	-1.62494	0.78395396	-0.86824566	-1.1701502	0.16324586	-1.0401009	-1.9460846	-1.1302905	0.84582734	-1.5526291	0.30433735	0.9963081	-1.1996032	-1.0394833	-0.2513324	-1.7800622	-1.136314	-0.739935	2.5551827	-0.0954373	-1.4650072	1.3796443	0.43921635	-0.2456469	0.91348016	0.33071846	0.32522038	-1.064383	-0.65583545	-2.2751012	-0.11165217	1.0314705	-0.69048667	1.7888414	1.5926319	-0.9273443	0.35085136	1.3313144	1.166724	-0.0736124	-1.2913499	0.022095008	-0.9882543	-0.4142866	-1.8518605	-0.0588684	0.20526092	-1.8315524	0.55521625	-1.9591767	-1.5098608
2	-1.7126982	0.8182165	-0.8828181	-1.2204694	0.15723209	-1.0838748	-2.0348437	-1.1780338	0.9165652	-1.618823	0.3107944	1.0062159	-1.2441071	-1.0826912	-0.24510548	-1.8680516	-1.1824372	-0.7753148	2.6520226	-0.10597571	-1.5089871	1.4086766	0.47161517	-0.27612212	0.9190799	0.35286036	0.3625204	-1.0757957	-0.6723345	-2.3511384	-0.13881034	1.0838141	-0.7067341	1.8946055	1.6421012	-0.97620577	0.4014059	1.355269	1.2096485	-0.059622813	-1.3196124	0.028724654	-1.0240834	-0.42253754	-1.9675211	-0.09988943	0.24818377	-1.8645992	0.5784209	-2.0968335	-1.6226108
3	-1.7713634	0.7953723	-0.9510605	-1.2508088	0.17600405	-1.1394719	-2.0874565	-1.200128	0.8751738	-1.6204208	0.33934712	1.0640287	-1.2571253	-1.1418923	-0.27139503	-1.8847177	-1.2117248	-0.7896514	2.741235	-0.09040675	-1.5306988	1.4729081	0.48455563	-0.2829396	0.9873067	0.34921682	0.34151393	-1.1189247	-0.70148015	-2.438503	-0.09070282	1.0562927	-0.73170835	1.920593	1.6789625	-0.96671295	0.36791325	1.4301705	1.2697703	-0.09626707	-1.4221269	0.013445126	-1.0638456	-0.4271553	-1.9531074	-0.055813067	0.229231	-1.9482652	0.56698376	-2.0896418	-1.633535
4	-1.5405521	0.7400022	-0.8016414	-1.0859787	0.15613684	-0.97605556	-1.8259248	-1.0613134	0.787971	-1.443952	0.28540966	0.9052269	-1.1322333	-0.9768681	-0.20818524	-1.6706364	-1.0617558	-0.7063805	2.4036098	-0.09741047	-1.3866047	1.2819393	0.43063754	-0.24693945	0.8423365	0.30246538	0.32065427	-0.99568367	-0.6224036	-2.1298544	-0.11686638	0.9731983	-0.63185084	1.6978464	1.4876571	-0.8757031	0.34706095	1.2286674	1.0911814	-0.070003465	-1.1920673	0.015945084	-0.92040884	-0.39318568	-1.7509834	-0.05967239	0.18312643	-1.7033316	0.5124875	-1.8627107	-1.4263294
5	-1.7293986	0.7652635	-0.9206836	-1.1877642	0.16417028	-1.1172419	-2.0180101	-1.1792442	0.88000333	-1.5741594	0.35063854	1.000174	-1.198395	-1.107599	-0.26497185	-1.8416991	-1.1753083	-0.75914896	2.7003984	-0.083912484	-1.5290133	1.4037864	0.47351444	-0.28182	0.90212965	0.3570027	0.3596565	-1.104019	-0.6870608	-2.3433259	-0.08821642	1.0475624	-0.7214745	1.8872803	1.6163875	-0.96359646	0.3845477	1.3782605	1.1892186	-0.06255016	-1.356843	0.025245199	-1.0277164	-0.42867416	-1.9133326	-0.07029371	0.22559123	-1.8623848	0.5481394	-2.074546	-1.5984044
6	-1.8231064	0.8383502	-0.9717085	-1.2810731	0.17914242	-1.2135928	-2.179587	-1.2351079	0.87663263	-1.6872575	0.36201563	1.0988367	-1.3289937	-1.1884625	-0.27299237	-1.9533089	-1.2587916	-0.8334159	2.8276684	-0.12267323	-1.5867047	1.5304501	0.49621147	-0.29454717	1.0411346	0.36939174	0.3549355	-1.1414711	-0.7456238	-2.5229857	-0.10938288	1.0938675	-0.7452284	2.0291095	1.743863	-1.0126133	0.3911431	1.455541	1.3382772	-0.092179455	-1.4574982	0.021351056	-1.1172304	-0.43221608	-2.0184627	-0.05528792	0.22173277	-2.01597	0.60180354	-2.1679962	-1.7004839
7	-1.642653	0.7763549	-0.8142335	-1.2328802	0.14906894	-1.0105869	-1.8454547	-1.0978793	0.9291912	-1.5532631	0.26617664	1.0060769	-1.1423787	-0.982942	-0.29456317	-1.7575771	-1.1835378	-0.6896439	2.494958	-0.091348514	-1.420965	1.3007472	0.43179744	-0.24739075	0.8453752	0.31483665	0.3283139	-1.0222085	-0.58342606	-2.1581848	-0.09443164	1.0312806	-0.6857296	1.758216	1.5401324	-0.87834877	0.3782169	1.2669142	1.0945866	-0.08297428	-1.2478328	0.06461972	-0.9796735	-0.3580959	-1.8179961	-0.096842945	0.2516266	-1.7616097	0.5731766	-1.885261	-1.5273649
8	-1.7663311	0.80773234	-0.924009	-1.2642668	0.1540435	-1.1201572	-2.0702047	-1.2066276	0.8996014	-1.6305323	0.33657083	1.0409484	-1.2511395	-1.1324205	-0.2925974	-1.8727565	-1.2127202	-0.780525	2.714079	-0.089136906	-1.5393144	1.453949	0.47405207	-0.27382383	0.9602355	0.3585442	0.3393986	-1.1231234	-0.68587786	-2.4227462	-0.0852788	1.056111	-0.7259466	1.8941668	1.6653117	-0.98613584	0.3732124	1.3897167	1.2443403	-0.10746942	-1.4395827	0.007658217	-1.0733527	-0.42201412	-1.9302559	-0.0688029	0.25045368	-1.9454031	0.5763797	-2.0507479	-1.6053097
9	-1.7687486	0.8126016	-0.9230527	-1.2440563	0.14699441	-1.140994	-2.0656064	-1.2087121	0.8999171	-1.6430055	0.35590985	1.010573	-1.2534369	-1.1632321	-0.2715891	-1.8896807	-1.230733	-0.7775549	2.7524498	-0.1048325	-1.574053	1.4399137	0.50984883	-0.2967776	0.9416607	0.3753796	0.3608497	-1.1322316	-0.7183647	-2.4070013	-0.118762895	1.082072	-0.7175327	1.9501162	1.6667986	-0.9805498	0.42256576	1.3685708	1.2271174	-0.08075931	-1.3970444	0.027774904	-1.1042892	-0.39658594	-1.9723052	-0.08987667	0.24644062	-1.9006084	0.56006867	-2.1212387	-1.6606994
10	-1.7304877	0.8133138	-0.8936945	-1.2160337	0.17330886	-1.1232064	-2.0567749	-1.1817801	0.8936951	-1.5949485	0.32539633	1.0363102	-1.2731651	-1.0773627	-0.23472156	-1.8620429	-1.161277	-0.79174113	2.672311	-0.10291651	-1.4982101	1.4496689	0.4482102	-0.28386933	0.95514005	0.33176568	0.35030872	-1.0852603	-0.6641884	-2.3591902	-0.10529989	1.070841	-0.6941456	1.9087394	1.6576753	-0.99666286	0.3501001	1.3534297	1.2280897	-0.11987529	-1.3398665	0.025512386	-1.016192	-0.4570913	-1.910547	-0.060962763	0.20933905	-1.9104245	0.604227	-2.041426	-1.607201
11	-1.5886575	0.7383138	-0.8282863	-1.1321621	0.14434853	-1.0189936	-1.8924465	-1.0750678	0.8371748	-1.4929888	0.3125955	0.96406406	-1.1473172	-1.0124625	-0.2197753	-1.7263107	-1.0711375	-0.7141102	2.453091	-0.09644206	-1.3973624	1.3427587	0.4270711	-0.25361744	0.8600559	0.30284446	0.31812254	-1.007811	-0.62429476	-2.2035677	-0.09543272	0.99220246	-0.6403718	1.7244016	1.5435228	-0.9382663	0.3182159	1.2657474	1.1179975	-0.097998045	-1.2391577	-0.0040811803	-0.94062775	-0.4398182	-1.7660722	-0.04772302	0.19338615	-1.7833354	0.53612816	-1.8945141	-1.4652562
12	-1.7085729	0.814815	-0.90768856	-1.2654201	0.15821204	-1.0994766	-2.0305917	-1.1743301	0.91131985	-1.6316279	0.36047563	1.0916467	-1.2278204	-1.0541092	-0.27757436	-1.8204641	-1.1981906	-0.7511618	2.6236682	-0.067372434	-1.4890052	1.4774486	0.38971943	-0.2759614	0.9772593	0.34237507	0.26753792	-1.0858055	-0.65501773	-2.370378	-0.098608114	1.031883	-0.7228055	1.781072	1.6485953	-0.9405003	0.29050693	1.4323379	1.2231694	-0.08201447	-1.4215573	0.035928156	-1.0231253	-0.39980564	-1.8727767	-0.020816514	0.26853856	-1.9645838	0.6004055	-1.9996686	-1.540432
13	-1.6122535	0.7696432	-0.86105806	-1.147709	0.16692883	-1.0502974	-1.9563893	-1.1176634	0.80724853	-1.5122521	0.29226646	1.0096253	-1.2173603	-1.0211278	-0.22687528	-1.7683672	-1.1031795	-0.7596723	2.513109	-0.10227851	-1.420796	1.3906953	0.41822878	-0.2421623	0.93547386	0.3008619	0.31468013	-1.0400081	-0.65482146	-2.260981	-0.106637254	1.0122343	-0.67026955	1.7956288	1.5923675	-0.9281306	0.32359582	1.3227278	1.2000881	-0.09947913	-1.2798127	0.014452129	-0.9563933	-0.43126178	-1.8163146	-0.04028687	0.17907175	-1.8405772	0.56697416	-1.9252415	-1.4907067
14	-1.5332471	0.7197857	-0.7985921	-1.0624654	0.15764707	-0.97922605	-1.843726	-1.0481745	0.76568	-1.4235243	0.30304104	0.8811883	-1.1087259	-1.0127171	-0.20693299	-1.6567659	-1.0424986	-0.69431984	2.4086173	-0.08805387	-1.3453252	1.271912	0.43100435	-0.25138527	0.8540359	0.31763986	0.33448416	-0.9682891	-0.6197461	-2.1348984	-0.11857025	0.94597715	-0.63913226	1.7001716	1.4497709	-0.88558507	0.3621864	1.2306489	1.0893112	-0.053533893	-1.1864232	0.023974603	-0.9212155	-0.4030463	-1.7470407	-0.0830605	0.21758701	-1.6737485	0.50349015	-1.884614	-1.4643376
15	-1.7150484	0.8096508	-0.86568356	-1.2061126	0.13252723	-1.0665107	-2.0239925	-1.1678884	0.88258386	-1.5947402	0.2956901	0.96146077	-1.2028208	-1.0649601	-0.2483935	-1.7942317	-1.1580994	-0.7554139	2.623939	-0.08597153	-1.4986482	1.3672901	0.4659862	-0.25802338	0.9222858	0.3506131	0.36502603	-1.0968207	-0.6244632	-2.31463	-0.12449419	1.0525118	-0.71579367	1.8053602	1.6051191	-0.9669137	0.34823924	1.2865652	1.1539773	-0.0864465	-1.3223215	0.03405984	-1.0149103	-0.43256146	-1.9025147	-0.08441739	0.2536168	-1.8672584	0.55431795	-1.993277	-1.5401028
16	-1.6951277	0.7897334	-0.90868634	-1.1999915	0.14532727	-1.1003909	-2.005414	-1.1796172	0.9011883	-1.5868524	0.31540012	1.0155312	-1.2267259	-1.0610996	-0.25995165	-1.8056594	-1.1370387	-0.746742	2.617696	-0.096551105	-1.4524487	1.4098601	0.4651927	-0.2732543	0.9408134	0.36902606	0.3338213	-1.0734417	-0.6636642	-2.3346415	-0.102791846	1.0420339	-0.69233096	1.8436717	1.6361376	-0.9500908	0.35848764	1.3341905	1.2067127	-0.09433875	-1.3412001	0.028145816	-1.0102232	-0.40501785	-1.8882658	-0.05911273	0.216996	-1.8657526	0.5594521	-2.009847	-1.586451
17	-1.7959555	0.8192292	-0.9280756	-1.2899529	0.18261458	-1.1588237	-2.157712	-1.2179784	0.88721454	-1.6669172	0.34434554	1.1083282	-1.2856234	-1.1532457	-0.29275596	-1.9103601	-1.2364945	-0.8017994	2.806889	-0.079899594	-1.5552529	1.4922076	0.47639877	-0.26159954	1.0185148	0.35271016	0.33724123	-1.151357	-0.6881459	-2.4744546	-0.103016965	1.0812222	-0.7766444	1.9421862	1.7349477	-1.019972	0.3615413	1.430345	1.2739598	-0.13201734	-1.4589571	0.029328808	-1.1063882	-0.46650103	-1.9612128	-0.05419778	0.24902306	-2.0147312	0.6300728	-2.0819395	-1.6239232
18	-1.7596147	0.79498005	-0.92786527	-1.2445403	0.17471337	-1.1682935	-2.0946224	-1.1989474	0.8848506	-1.6241933	0.35052067	1.0613961	-1.2806183	-1.1334342	-0.26058382	-1.8943341	-1.1917365	-0.8065374	2.740768	-0.114473954	-1.5234174	1.4791639	0.4830848	-0.29043207	0.977065	0.33826956	0.35675713	-1.1063187	-0.6953239	-2.413853	-0.08265519	1.0633801	-0.71534437	1.958159	1.6856431	-1.0104249	0.36123723	1.3850906	1.2684202	-0.12136462	-1.3996332	-0.007610129	-1.0662202	-0.45100224	-1.9463475	-0.055640083	0.20770472	-1.9438031	0.59064674	-2.079397	-1.6253853
19	-1.5922563	0.7475128	-0.82515776	-1.1033076	0.17592922	-1.0219548	-1.9167023	-1.0973498	0.7929527	-1.4841564	0.3003782	0.9278909	-1.1643635	-1.0330565	-0.21230392	-1.7371057	-1.0758566	-0.72708577	2.5132062	-0.08900775	-1.4082586	1.3209901	0.45522255	-0.25361225	0.8924711	0.31788248	0.35066625	-1.0113984	-0.637699	-2.1999242	-0.13008474	1.0047245	-0.6651853	1.7765672	1.5255414	-0.9236403	0.36904132	1.2720257	1.1291976	-0.063100465	-1.2182468	0.026626123	-0.9569898	-0.43686706	-1.833921	-0.07513494	0.20835482	-1.7490386	0.5322388	-1.9571267	-1.5057666
20	-1.6602778	0.7601817	-0.8540013	-1.172246	0.14977296	-1.0609988	-1.9770781	-1.1332427	0.8356799	-1.5423925	0.3071036	0.97920674	-1.186955	-1.0811268	-0.24603373	-1.7954901	-1.1234981	-0.74575585	2.5802135	-0.09011484	-1.445891	1.372262	0.45806873	-0.25226733	0.9137865	0.32657018	0.34553963	-1.0393487	-0.65903324	-2.2806458	-0.112730354	1.0208334	-0.6856193	1.8243495	1.584478	-0.9559136	0.36355704	1.3145566	1.1815643	-0.07585205	-1.3042002	0.007351613	-0.9925537	-0.4405026	-1.8689024	-0.07182807	0.22983702	-1.8318341	0.5507514	-1.9971066	-1.5503608
21	-1.6057532	0.7630139	-0.87212354	-1.1561052	0.17333038	-1.0238537	-1.9312125	-1.1110265	0.8163732	-1.540632	0.27997458	0.96795046	-1.1787543	-1.0429848	-0.2754922	-1.7762423	-1.1261724	-0.7273234	2.5338814	-0.09688032	-1.4443437	1.3431779	0.4546229	-0.22667657	0.9009985	0.33726215	0.32585865	-1.0435282	-0.6374544	-2.2520542	-0.118440636	1.0150964	-0.6858662	1.800716	1.5588472	-0.9134314	0.37125957	1.3048598	1.1568401	-0.06399461	-1.2832019	0.018359357	-1.0034568	-0.415165	-1.860724	-0.08192493	0.22495878	-1.7986875	0.5395825	-1.9491389	-1.5133249
22	-1.7032254	0.79858	-0.90091765	-1.2180402	0.1658936	-1.1083874	-1.9873952	-1.1781511	0.8701483	-1.5897326	0.3056376	1.0310432	-1.2658365	-1.042882	-0.26692992	-1.8631463	-1.1867168	-0.75798935	2.6182902	-0.106051	-1.486887	1.4368999	0.4282964	-0.26994336	0.95814437	0.30855352	0.2988347	-1.0658798	-0.6775495	-2.2748754	-0.12699388	1.0671155	-0.67080885	1.9085809	1.616236	-0.9335881	0.35574558	1.3661622	1.2467841	-0.07531787	-1.3378725	0.0493833	-1.0210644	-0.4058864	-1.9213041	-0.068527795	0.24282913	-1.9005909	0.5926332	-2.0284944	-1.6037955
23	-1.5897852	0.72427756	-0.837667	-1.0926951	0.1419608	-1.0221432	-1.9077536	-1.0916595	0.7864301	-1.4604274	0.3027402	0.9228591	-1.1541287	-1.0431901	-0.20601164	-1.7108812	-1.0602905	-0.7264458	2.4916735	-0.09212601	-1.3752391	1.328149	0.44418433	-0.26167655	0.8883976	0.31281054	0.33956042	-1.0109959	-0.66008914	-2.2045865	-0.113195054	0.9559779	-0.64693147	1.7705715	1.5152096	-0.91417545	0.36500764	1.2679219	1.1509923	-0.076210774	-1.2414672	0.0031171604	-0.941177	-0.41901895	-1.7834824	-0.06959192	0.1987942	-1.7521626	0.5207632	-1.9415629	-1.5109925
24	-1.6608202	0.7558039	-0.8993924	-1.1852117	0.14532962	-1.0701259	-1.9859682	-1.1470692	0.88591677	-1.562491	0.30989212	0.9891404	-1.1974349	-1.0640438	-0.2630847	-1.7808105	-1.1112605	-0.73995954	2.6061797	-0.1013141	-1.4248956	1.3839403	0.4698191	-0.26525223	0.9030994	0.35725874	0.33830413	-1.0498915	-0.6551298	-2.3086276	-0.09339947	1.0061023	-0.6929757	1.8344182	1.6018485	-0.9545725	0.34936225	1.3249282	1.1917378	-0.0836145	-1.333753	-0.023930453	-0.9936265	-0.42268714	-1.8832692	-0.077935345	0.22594714	-1.8295399	0.54271895	-2.0124857	-1.554914
25	-1.6437539	0.76426697	-0.8328114	-1.1915824	0.15614559	-1.0532367	-1.935214	-1.1243542	0.87583196	-1.5518136	0.32313675	0.9946326	-1.1795291	-1.0304608	-0.23475392	-1.7797371	-1.14141	-0.7475957	2.5371494	-0.082641	-1.4632971	1.3609148	0.4435996	-0.2774147	0.87528616	0.32157922	0.31459367	-1.0344461	-0.6303494	-2.230908	-0.11612222	1.0253278	-0.67042625	1.7749524	1.5895057	-0.9359045	0.34627843	1.286159	1.1399924	-0.09106601	-1.2981999	0.021574859	-1.0014386	-0.40594485	-1.8394848	-0.058163427	0.2296598	-1.8085526	0.56122357	-1.962626	-1.5049012
26	-1.7033184	0.8239806	-0.86514056	-1.2284498	0.14580408	-1.0932364	-2.0506399	-1.1398801	0.89681137	-1.5958695	0.34498945	1.0737903	-1.2606993	-1.0587461	-0.2148294	-1.8465633	-1.1838872	-0.7780533	2.5917583	-0.09715058	-1.5010278	1.4531896	0.40066108	-0.27689558	0.9358678	0.29253903	0.31069088	-1.0768315	-0.6745037	-2.344428	-0.12252755	1.0704521	-0.6870612	1.8530627	1.6593847	-0.9741685	0.32379845	1.3838574	1.2177044	-0.11313674	-1.3266922	0.031636305	-1.0069606	-0.42087138	-1.8791535	-0.047106255	0.22713758	-1.9305234	0.6099675	-2.020283	-1.5558141
27	-1.779434	0.84047425	-0.9023655	-1.2725545	0.1567988	-1.1334996	-2.0614164	-1.220117	0.92611045	-1.6389208	0.34864256	1.0635544	-1.2897692	-1.1199602	-0.27709657	-1.8806319	-1.2341987	-0.7701064	2.7867258	-0.08887308	-1.5691113	1.4724762	0.47360703	-0.29890093	0.97401774	0.36264828	0.35574153	-1.1528239	-0.71627796	-2.4053693	-0.10059795	1.0956817	-0.73455185	1.9360514	1.6871493	-0.97415876	0.39330223	1.4029812	1.2274576	-0.1077011	-1.4165925	0.033225637	-1.073918	-0.39847836	-1.9516436	-0.06339619	0.22119662	-1.934471	0.6085417	-2.0837772	-1.6329176
28	-1.5801347	0.7574858	-0.78546274	-1.0882924	0.13232958	-0.9640413	-1.8945627	-1.0682449	0.81907773	-1.4501327	0.2853235	0.8680741	-1.1412604	-1.0153267	-0.17025642	-1.7121656	-1.0428354	-0.72089416	2.4420178	-0.09348418	-1.3766936	1.31234	0.42363223	-0.2622238	0.8455866	0.2986008	0.35506266	-1.0002652	-0.609955	-2.1782775	-0.14513953	0.99484754	-0.6336976	1.7243915	1.4831424	-0.9464463	0.34703195	1.2277098	1.093414	-0.072165124	-1.1857611	0.0053938897	-0.89533705	-0.4663438	-1.7911797	-0.10329744	0.2340069	-1.7244009	0.53603077	-1.9377576	-1.4959658
29	-1.5369247	0.73288965	-0.7767333	-1.1050645	0.12565556	-0.9703906	-1.8649484	-1.0231328	0.7820639	-1.4152781	0.2940333	0.93390536	-1.150898	-0.95468026	-0.17846625	-1.6269265	-1.0388136	-0.72974	2.3596275	-0.10154168	-1.3226804	1.3099421	0.362686	-0.26988953	0.84263134	0.26781252	0.27588397	-0.9720392	-0.60791343	-2.1327393	-0.12080236	0.9141692	-0.6158188	1.6841921	1.4758157	-0.88536274	0.27797714	1.2188596	1.1124244	-0.11194726	-1.2332946	-0.02380334	-0.8850436	-0.39873987	-1.6851453	-0.056173947	0.20725042	-1.7328894	0.55296654	-1.8309276	-1.3830814
30	-1.6195791	0.74298024	-0.9015787	-1.1515921	0.15594368	-1.0543772	-1.9444654	-1.1188649	0.8143651	-1.5182629	0.303131	0.98486274	-1.1844982	-1.0550677	-0.26167375	-1.7633461	-1.115938	-0.74304706	2.5349653	-0.10361049	-1.4288883	1.3731055	0.44634157	-0.2489613	0.9057377	0.33451605	0.31192118	-1.0469339	-0.6633029	-2.2789967	-0.09309949	0.9898278	-0.6769872	1.8082256	1.5705296	-0.9099086	0.34489438	1.327359	1.1931758	-0.0753873	-1.3192459	-0.0049503427	-0.98603773	-0.4016151	-1.8339208	-0.06177399	0.2048864	-1.8122296	0.5258093	-1.953691	-1.5120112
31	-1.7319112	0.7996785	-0.93979007	-1.2396076	0.1572939	-1.1154642	-2.083876	-1.1568128	0.8721431	-1.6102669	0.32922718	1.0591067	-1.2793475	-1.0970505	-0.24731264	-1.8662071	-1.1852447	-0.80184597	2.6516817	-0.12212924	-1.4906981	1.4727863	0.43581757	-0.29570356	0.9569353	0.31923473	0.31256187	-1.1025276	-0.6866105	-2.4111466	-0.118489444	1.0305305	-0.6873686	1.9226408	1.6460836	-0.9708998	0.34761497	1.3861212	1.258694	-0.11535514	-1.3909937	-0.0028835216	-1.0440358	-0.42918745	-1.9137926	-0.077388264	0.23691341	-1.9430914	0.5881863	-2.0620558	-1.6023829
32	-1.6424879	0.77578634	-0.8912239	-1.1872716	0.16327979	-1.0764487	-1.9497917	-1.1483728	0.882782	-1.5775911	0.30864218	1.0182273	-1.2003027	-1.0198808	-0.27419227	-1.7783936	-1.1346536	-0.7356156	2.5786808	-0.09125469	-1.4583946	1.3861097	0.44488558	-0.25263688	0.9187944	0.35353097	0.32629168	-1.0634114	-0.63775945	-2.2685823	-0.08206651	1.0189077	-0.69106984	1.7921576	1.6104525	-0.9262206	0.33544993	1.3166934	1.1664138	-0.09461577	-1.3160466	0.019718422	-1.0067322	-0.39726683	-1.8423545	-0.041067027	0.19206503	-1.8409418	0.5594221	-1.9408121	-1.5143061
33	-1.5989208	0.7556642	-0.7861136	-1.1752331	0.15717635	-1.007827	-1.9277234	-1.090605	0.7902687	-1.485535	0.3004156	0.9580175	-1.1948404	-1.0629188	-0.22389384	-1.7630095	-1.1376882	-0.7671065	2.4869876	-0.080835715	-1.4054369	1.3723109	0.40341336	-0.25828117	0.91641414	0.27527493	0.28861737	-1.0138228	-0.6206632	-2.2058141	-0.123741254	0.9719607	-0.6540493	1.7792377	1.5368279	-0.9473553	0.3462358	1.2588683	1.1806484	-0.13278162	-1.3135353	0.01593756	-0.99512863	-0.43292195	-1.763559	-0.09341955	0.26764384	-1.8002485	0.5996068	-1.8874437	-1.5104094
34	-1.5457321	0.71764785	-0.77029085	-1.053435	0.15198198	-0.956594	-1.8210988	-1.0461353	0.759545	-1.3918637	0.28744036	0.844058	-1.10034	-1.0127571	-0.1859601	-1.654181	-1.0374938	-0.69299763	2.4076488	-0.0717975	-1.3561126	1.2442635	0.44061536	-0.26157632	0.8376974	0.30372825	0.34276414	-0.97275263	-0.6121285	-2.1097186	-0.13558075	0.95622075	-0.63018817	1.7004275	1.4266768	-0.8837662	0.37944174	1.1999117	1.0633204	-0.05250241	-1.1676941	0.032681733	-0.9060022	-0.41338244	-1.7515198	-0.09417987	0.22595763	-1.652065	0.49592766	-1.8896602	-1.4740169
35	-1.7337344	0.77779686	-0.9509351	-1.2084152	0.17402491	-1.1319226	-2.0646403	-1.1801931	0.832342	-1.5644294	0.31605092	1.0339295	-1.275159	-1.0991197	-0.25787598	-1.8464302	-1.1657262	-0.8006266	2.688565	-0.11773035	-1.48993	1.4601856	0.47136697	-0.2854453	0.97379637	0.33627003	0.33384702	-1.1126931	-0.69431484	-2.388524	-0.09029874	1.0311455	-0.69880426	1.9289651	1.6456662	-0.95147055	0.3483961	1.3737708	1.2683318	-0.124909915	-1.402372	-0.0063299043	-1.0382973	-0.42465463	-1.906498	-0.06253897	0.19410893	-1.9052362	0.56610507	-2.0341692	-1.5810232
36	-1.6187748	0.7599338	-0.8549778	-1.1668222	0.16214146	-1.0211204	-1.9017155	-1.1070622	0.8440176	-1.5091429	0.30741486	0.98313236	-1.1601003	-1.03244	-0.242826	-1.7559687	-1.1271062	-0.72244555	2.4914398	-0.07959237	-1.433744	1.3592261	0.4398669	-0.25448462	0.8918633	0.31586823	0.3107107	-1.0355687	-0.6300017	-2.2441216	-0.09379163	1.0165504	-0.67014384	1.7369416	1.5604031	-0.9014722	0.33859345	1.3182677	1.1464797	-0.08570712	-1.2869295	0.02385041	-0.969044	-0.3991695	-1.8132416	-0.051803526	0.21698545	-1.7965386	0.53048	-1.9142234	-1.4948275
37	-1.6835504	0.7962249	-0.88752353	-1.217499	0.14519057	-1.0600836	-1.9849759	-1.1613176	0.88994414	-1.5783273	0.29149637	1.0282947	-1.2395614	-1.0482782	-0.26535526	-1.8130975	-1.1608129	-0.76412725	2.6187856	-0.09458369	-1.4863592	1.4036425	0.4403876	-0.26213187	0.91112226	0.33300042	0.32307926	-1.0906571	-0.6753912	-2.324893	-0.10405632	1.0320469	-0.69364464	1.8596871	1.6319683	-0.93695545	0.36273348	1.3488101	1.2054093	-0.09738248	-1.357253	-0.0033150369	-1.000672	-0.40345532	-1.8819954	-0.062225867	0.20830108	-1.8785504	0.5790973	-2.0010562	-1.5481222
38	-1.6654074	0.7612805	-0.9291246	-1.1631889	0.16637103	-1.0516189	-1.9807906	-1.1531777	0.8175608	-1.5468354	0.2682156	0.9701876	-1.190468	-1.089181	-0.288096	-1.8059701	-1.1388437	-0.73173267	2.618917	-0.08876379	-1.4671031	1.3704879	0.48736927	-0.22188398	0.9403876	0.3568594	0.3511536	-1.0900933	-0.6544146	-2.31471	-0.102260485	1.0385711	-0.7131608	1.8373251	1.5909262	-0.92229956	0.37079567	1.3391588	1.1910994	-0.070697226	-1.3187447	0.029501112	-1.0139645	-0.43229613	-1.89832	-0.09009816	0.22182159	-1.8314848	0.5192031	-1.9823748	-1.567997
39	-1.5306075	0.71009374	-0.78131264	-1.0627553	0.15353787	-0.9795203	-1.8174402	-1.0568593	0.76401895	-1.4047061	0.2887025	0.86890393	-1.105474	-1.0041379	-0.20334026	-1.6514051	-1.0346241	-0.69945467	2.390118	-0.08424721	-1.3362385	1.2634295	0.4414671	-0.2489351	0.85368276	0.30521092	0.3364475	-0.9649002	-0.60332066	-2.1003246	-0.10424204	0.94586563	-0.626558	1.6878281	1.4511211	-0.88644063	0.35490817	1.1915101	1.0873923	-0.082440004	-1.1841799	0.021107312	-0.91730475	-0.40500504	-1.7229788	-0.07497838	0.20426768	-1.6616446	0.5031516	-1.8384029	-1.4504685
40	-1.5629559	0.7471329	-0.8178792	-1.1257334	0.15159072	-0.9682862	-1.8434253	-1.0678362	0.83974135	-1.4753234	0.2792401	0.9382471	-1.1298913	-0.9757538	-0.23445745	-1.6958699	-1.0780365	-0.7044943	2.418493	-0.083759636	-1.4087068	1.2881389	0.42626327	-0.23833577	0.8185054	0.31012607	0.31542552	-1.0073643	-0.60636926	-2.164561	-0.10114952	0.9880934	-0.6450457	1.6974678	1.5154757	-0.8857522	0.33727944	1.2521331	1.0842448	-0.08169719	-1.2273506	0.0012673433	-0.931652	-0.39489982	-1.7705432	-0.061095815	0.19875214	-1.7319117	0.5191961	-1.8704352	-1.4264089
41	-1.5685164	0.74361664	-0.84808266	-1.1397417	0.16277625	-1.013254	-1.8632913	-1.0845746	0.83208036	-1.513492	0.26308292	1.0026395	-1.1762025	-0.9644711	-0.24886468	-1.7191491	-1.0742788	-0.7077814	2.4768033	-0.1053232	-1.4004917	1.330564	0.4300845	-0.22777289	0.8736097	0.30672494	0.30995324	-1.0139487	-0.6336246	-2.1600263	-0.10246708	0.99897814	-0.64561903	1.748678	1.5708324	-0.8931266	0.31505144	1.2691787	1.126917	-0.09353708	-1.2183831	0.004676235	-0.9428735	-0.4157784	-1.7819253	-0.039172053	0.14947784	-1.7805842	0.54615766	-1.8798509	-1.44772
42	-1.7200869	0.8072475	-0.9222125	-1.218888	0.15210456	-1.083209	-1.9873139	-1.1585166	0.8735049	-1.5740223	0.2791025	1.0375894	-1.2263165	-1.0375729	-0.2724348	-1.8249621	-1.1688409	-0.7342589	2.6135502	-0.0940039	-1.4889877	1.4335464	0.43798682	-0.2506116	0.96474123	0.3401323	0.32323727	-1.1011358	-0.6456224	-2.3339975	-0.094816945	1.0784004	-0.6990106	1.818308	1.6301756	-0.9191843	0.30692157	1.3688507	1.1997511	-0.08747012	-1.3410077	0.046481423	-0.9778086	-0.42796007	-1.881711	-0.040103283	0.20029333	-1.9046253	0.56118494	-1.960232	-1.5585269
43	-1.553548	0.72899675	-0.81774294	-1.068194	0.16649494	-1.0128981	-1.8413755	-1.0842078	0.8222405	-1.451752	0.31495088	0.87264955	-1.1187196	-0.99302644	-0.21433829	-1.6915952	-1.037256	-0.71221316	2.4274437	-0.10863678	-1.3613214	1.2951822	0.4374401	-0.2601041	0.83324265	0.32280615	0.3579605	-0.97997856	-0.60569966	-2.1361892	-0.08634706	0.95511997	-0.62740374	1.7279936	1.4622986	-0.919488	0.36800557	1.2175647	1.094598	-0.077201016	-1.1888032	0.006631215	-0.92574364	-0.41780773	-1.7524282	-0.07473646	0.19409649	-1.691268	0.5189781	-1.8903674	-1.4772881
44	-1.6774018	0.80258036	-0.86821604	-1.2126657	0.15292446	-1.0421473	-1.9600803	-1.158624	0.89810926	-1.5583236	0.2778248	1.0126088	-1.2282227	-1.026763	-0.27447957	-1.7910846	-1.1479881	-0.7395578	2.5942156	-0.10551916	-1.4361336	1.3949894	0.43327808	-0.25618234	0.92772543	0.33704334	0.34030804	-1.0952723	-0.6386134	-2.298707	-0.1003723	1.0432479	-0.7037818	1.8161777	1.599323	-0.95121825	0.3683246	1.3167825	1.1743059	-0.11528385	-1.3183159	0.040991023	-0.9769338	-0.43258688	-1.838053	-0.09056904	0.21870029	-1.8531219	0.60161054	-1.9366932	-1.551137
45	-1.7279292	0.793629	-0.9110077	-1.2266732	0.16627644	-1.1088917	-2.0398576	-1.1819311	0.86355263	-1.6023295	0.3232865	1.0493501	-1.2350746	-1.1231729	-0.27401242	-1.850246	-1.1942108	-0.7680759	2.7059124	-0.094928235	-1.5195485	1.4326383	0.48614314	-0.260698	0.96236277	0.35657892	0.3520591	-1.1116103	-0.70417243	-2.3905628	-0.09909915	1.0589801	-0.7327892	1.8855722	1.6700273	-0.9580602	0.38634813	1.3927372	1.2306231	-0.08807434	-1.3759329	0.023052491	-1.0467592	-0.42150515	-1.9168727	-0.057199646	0.20401014	-1.9020816	0.56920475	-2.0496156	-1.5978553
46	-1.7572342	0.7814461	-0.9396303	-1.2335706	0.16461962	-1.1196656	-2.0612211	-1.2009768	0.8815343	-1.6047493	0.31231195	1.0199958	-1.2370435	-1.1251715	-0.28052816	-1.8637463	-1.1731355	-0.78059775	2.7056477	-0.098029755	-1.507093	1.4303758	0.50569016	-0.27475342	0.9523387	0.3631744	0.3583616	-1.1177262	-0.67063445	-2.408355	-0.09176451	1.0563009	-0.71850216	1.9004426	1.6565175	-0.9798699	0.37892708	1.3560303	1.2288454	-0.11289275	-1.4001423	0.0069583487	-1.0567923	-0.4456213	-1.9369953	-0.07618503	0.22764933	-1.9077221	0.55341965	-2.0502734	-1.6102778
47	-1.6877363	0.778508	-0.89903724	-1.1966791	0.15946579	-1.0858985	-2.0239367	-1.1512164	0.8583702	-1.5658456	0.30619642	1.0204531	-1.2299258	-1.0836812	-0.23625425	-1.8433871	-1.1451024	-0.7783519	2.5913987	-0.094421014	-1.4655404	1.4203107	0.4556215	-0.26742396	0.9427493	0.32358927	0.33809263	-1.0538375	-0.66272897	-2.3445234	-0.10742194	1.0451698	-0.68365616	1.8589318	1.6257988	-0.9569819	0.34910914	1.3579099	1.2291797	-0.08731329	-1.3317862	0.006717643	-1.0005558	-0.43340325	-1.9105008	-0.06460454	0.22335179	-1.873339	0.55244094	-2.02727	-1.5818343
48	-1.6185296	0.77866083	-0.8300618	-1.1450965	0.12265754	-1.0039052	-1.9362719	-1.1208673	0.9046892	-1.5457262	0.2743324	0.94549775	-1.156302	-1.0160831	-0.20686145	-1.7388074	-1.0688125	-0.7107348	2.5209253	-0.0915819	-1.3923471	1.3306391	0.47570753	-0.24837825	0.8837529	0.34397164	0.37867582	-1.0454304	-0.6175285	-2.2523851	-0.12638989	1.0278612	-0.6827907	1.731774	1.5877599	-0.9527634	0.36324093	1.255811	1.1106809	-0.086286895	-1.2094226	0.012618458	-0.93578064	-0.44217628	-1.8459799	-0.07492012	0.20048562	-1.7841805	0.5391095	-1.9593662	-1.5282291
49	-1.6907289	0.769099	-0.90384436	-1.1967655	0.16157225	-1.1089258	-2.0143583	-1.1621617	0.851825	-1.5744995	0.3254177	1.0148911	-1.222561	-1.100869	-0.26493782	-1.8188896	-1.148049	-0.7592044	2.6379366	-0.10603618	-1.4553983	1.4201626	0.4706156	-0.2638253	0.955286	0.34603247	0.340904	-1.0633765	-0.6778466	-2.338531	-0.089831755	1.0220567	-0.6978427	1.867737	1.6234015	-0.96603584	0.3616043	1.3493001	1.2304634	-0.094102666	-1.3493483	0.006837086	-1.0244142	-0.43057853	-1.8813175	-0.06359901	0.21557401	-1.8733007	0.5598853	-2.012127	-1.5874674
50	-1.6940966	0.78717005	-0.8817601	-1.2115263	0.15087245	-1.0793233	-1.9957635	-1.1747537	0.8803858	-1.5766093	0.3053477	1.0064906	-1.2288882	-1.0972934	-0.27175334	-1.8316157	-1.1798928	-0.76376176	2.6470454	-0.0983718	-1.492459	1.3818408	0.4739265	-0.265155	0.91125804	0.34740412	0.35029724	-1.0830994	-0.68470937	-2.3187654	-0.11509521	1.0562655	-0.71153635	1.896043	1.6215912	-0.9474297	0.40804574	1.3408172	1.2054812	-0.075110875	-1.3391308	0.026905732	-1.030265	-0.3970267	-1.9223249	-0.09977155	0.23878491	-1.836239	0.56468	-2.042428	-1.5974889
51	-1.6442761	0.75366956	-0.8855901	-1.1573186	0.15917711	-1.0640858	-1.978178	-1.1270502	0.8221232	-1.5231174	0.2999749	0.9809085	-1.1919993	-1.0703671	-0.23481579	-1.7835772	-1.1138277	-0.7496081	2.5484605	-0.10321514	-1.4124364	1.385912	0.46802	-0.2553439	0.93783474	0.32915357	0.33901277	-1.0405903	-0.6502103	-2.2918632	-0.10513136	1.0137485	-0.68088806	1.8091192	1.5866345	-0.9330544	0.35028777	1.3174709	1.2021585	-0.09212175	-1.2955993	0.012627097	-0.9868157	-0.42429832	-1.8560236	-0.070479356	0.21248485	-1.8155572	0.53422725	-1.9701352	-1.5479524
52	-1.7000347	0.8027716	-0.9256993	-1.2050104	0.17391525	-1.1090922	-2.0281672	-1.1733462	0.8588292	-1.6077224	0.32628974	1.0342098	-1.2394527	-1.0864207	-0.26798677	-1.8604422	-1.193021	-0.77478313	2.6471353	-0.10183595	-1.5328184	1.438995	0.45232472	-0.25711456	0.9563624	0.34637785	0.3358971	-1.1026809	-0.68183184	-2.3617651	-0.102787904	1.063436	-0.71107477	1.8682529	1.6445606	-0.9532821	0.36172765	1.3866427	1.225272	-0.07220623	-1.3512475	0.037813656	-1.0411335	-0.41889268	-1.9121926	-0.055256527	0.21032718	-1.9044651	0.5656281	-2.0289729	-1.5774233
53	-1.3824247	0.66406614	-0.6439182	-0.92263395	0.13837951	-0.8197599	-1.6344945	-0.92167455	0.66653347	-1.2161214	0.22835435	0.73581773	-0.98225844	-0.8992393	-0.13064025	-1.4929863	-0.9147854	-0.62379414	2.1567118	-0.056034677	-1.2136385	1.1072527	0.37993214	-0.22036752	0.75858897	0.25887993	0.33846372	-0.8695609	-0.54596037	-1.8797356	-0.15685867	0.88102084	-0.5761314	1.5171808	1.2635721	-0.79852474	0.35948935	1.0744655	0.9324944	-0.029928805	-0.9874674	0.05083978	-0.7677088	-0.39996293	-1.5791204	-0.09670379	0.1934136	-1.4633919	0.4650875	-1.7190027	-1.3366764
54	-1.415352	0.6927336	-0.7172045	-0.96036464	0.16958907	-0.886749	-1.7051497	-0.96343184	0.6946759	-1.305815	0.24930838	0.8242749	-1.0491455	-0.88993603	-0.14275588	-1.5489043	-0.9367701	-0.64596665	2.235162	-0.07831409	-1.2639014	1.1848842	0.38461104	-0.22262639	0.82626384	0.26340377	0.33004457	-0.9060544	-0.57012165	-1.9600811	-0.1498985	0.92939156	-0.6006639	1.5549294	1.3490512	-0.8307745	0.3134002	1.153588	0.986393	-0.01893192	-1.0046539	0.051313486	-0.7925451	-0.43011975	-1.6529044	-0.05751793	0.15483455	-1.5747814	0.47516227	-1.7704457	-1.3430426
55	-1.2972901	0.6381861	-0.5982704	-0.87214947	0.14162174	-0.7836119	-1.5434213	-0.8634403	0.6351054	-1.1488813	0.22733216	0.69466054	-0.9396999	-0.8362573	-0.113120906	-1.4035169	-0.85915273	-0.5953673	2.0250459	-0.061252885	-1.1452134	1.0502678	0.34693974	-0.21147913	0.71588403	0.2391567	0.31140783	-0.8023371	-0.50566816	-1.762765	-0.14687721	0.8339217	-0.5364231	1.4367446	1.1911725	-0.76412046	0.32042173	1.0073922	0.8820426	-0.032836605	-0.91784465	0.04339091	-0.7219977	-0.37681457	-1.4887483	-0.084938265	0.17871138	-1.3826283	0.44656405	-1.618919	-1.2533066
56	-1.2594483	0.60950625	-0.6000077	-0.84993446	0.11157033	-0.75437176	-1.4909457	-0.84008	0.6164312	-1.1303873	0.20905551	0.6965919	-0.90041924	-0.8129506	-0.11541314	-1.3573859	-0.8440844	-0.5707165	1.962092	-0.05674901	-1.1194153	1.0192653	0.340295	-0.19847876	0.6883707	0.22395435	0.29741958	-0.80649734	-0.5055167	-1.7297325	-0.13395447	0.8084292	-0.5242486	1.3766153	1.1802047	-0.7289855	0.3013235	0.99465215	0.8576422	-0.02441541	-0.90197694	0.036774855	-0.68366003	-0.37038237	-1.4374335	-0.064319596	0.16071083	-1.3684132	0.42010614	-1.5514877	-1.2032804
57	-1.4300816	0.69983023	-0.71883607	-0.98372394	0.1568091	-0.8880886	-1.6988518	-0.9616172	0.70625794	-1.305403	0.2679456	0.8257436	-1.0558597	-0.90609103	-0.14858833	-1.5417962	-0.9650344	-0.65757364	2.2324638	-0.08743618	-1.282598	1.1903967	0.3760748	-0.2361054	0.794918	0.25207776	0.30614117	-0.9212543	-0.5828161	-1.9758942	-0.13653338	0.9093939	-0.58788127	1.577498	1.3508657	-0.8246233	0.31873104	1.1524369	0.9957374	-0.048939403	-1.0477543	0.030514114	-0.81308854	-0.40042418	-1.6236854	-0.05768149	0.16330828	-1.5878534	0.4821169	-1.7569842	-1.3370627
58	-1.44323	0.69071037	-0.68366736	-0.98076826	0.15545094	-0.8758015	-1.6887234	-0.957144	0.7029602	-1.2814093	0.25696638	0.7850305	-1.0282711	-0.93507904	-0.15495811	-1.550645	-0.9722341	-0.6420754	2.2423959	-0.06726176	-1.2632431	1.1619462	0.39428267	-0.23829016	0.7885827	0.26733327	0.33282423	-0.89299506	-0.5591529	-1.9501497	-0.13986227	0.9166565	-0.59003496	1.5851108	1.3181993	-0.826838	0.3528239	1.1250044	0.978471	-0.04157043	-1.0459144	0.05187903	-0.81436914	-0.406681	-1.6343807	-0.09206007	0.20847683	-1.5307838	0.48508134	-1.7617822	-1.3890592
59	-1.3548698	0.6300644	-0.6159188	-0.8909172	0.123701334	-0.7937712	-1.5748998	-0.8791128	0.63606864	-1.155491	0.22279523	0.68483216	-0.9258608	-0.88181925	-0.14657772	-1.4147643	-0.8883897	-0.5870629	2.0810945	-0.059647337	-1.1511016	1.0357678	0.3735921	-0.21828112	0.6932418	0.26554355	0.33159083	-0.81798637	-0.5194752	-1.7954755	-0.14349398	0.83352804	-0.54742163	1.4843848	1.1883645	-0.7505891	0.3586969	1.0159101	0.8877904	-0.033299234	-0.9754942	0.048025887	-0.7464271	-0.36287805	-1.5133778	-0.11685917	0.21910153	-1.3670156	0.44220045	-1.6518323	-1.2959878
60	-1.4781268	0.69906014	-0.7222775	-1.0029552	0.15304011	-0.91376156	-1.760892	-0.98900396	0.7077291	-1.3145162	0.27609286	0.80929697	-1.075617	-0.9653695	-0.15360166	-1.579396	-0.979427	-0.67827034	2.3078518	-0.07745155	-1.294337	1.205017	0.40593806	-0.25703466	0.81434476	0.2767768	0.32977617	-0.9239706	-0.59247726	-2.0246356	-0.14370087	0.9184687	-0.60040486	1.6409869	1.359707	-0.85288656	0.34697592	1.1536446	1.0244769	-0.05137791	-1.104129	0.020717815	-0.8488147	-0.40796617	-1.6820337	-0.08885635	0.20503536	-1.5849771	0.48522326	-1.8244721	-1.3996352
61	-1.3891963	0.66323996	-0.66488045	-0.9404873	0.14757445	-0.8537285	-1.6500889	-0.9337732	0.66771245	-1.243915	0.25398684	0.7609379	-1.0048566	-0.9122293	-0.14878893	-1.4978434	-0.9393449	-0.6328241	2.1921494	-0.062053643	-1.2359883	1.1195804	0.3833127	-0.23200604	0.7636971	0.26280195	0.31975588	-0.8770831	-0.5584248	-1.8985507	-0.1438733	0.88043696	-0.5822086	1.5527894	1.2841941	-0.8066601	0.34964767	1.0916833	0.9530343	-0.02895325	-1.0235126	0.042716887	-0.7956356	-0.3935316	-1.5950681	-0.08778026	0.19950694	-1.4882395	0.46867117	-1.7252531	-1.3367332
62	-1.3089993	0.64455044	-0.62789345	-0.8746111	0.14310996	-0.76591426	-1.5356524	-0.858421	0.63330853	-1.1539352	0.19648388	0.71773803	-0.93419075	-0.8175993	-0.112137325	-1.4212265	-0.8692953	-0.5952992	2.0157435	-0.06611503	-1.1779293	1.0504041	0.34883285	-0.19420092	0.7059577	0.22491163	0.31213927	-0.8305604	-0.50961685	-1.7887238	-0.15112115	0.86870867	-0.5458407	1.4224662	1.2131729	-0.74461573	0.3044047	1.0436018	0.8773036	-0.009867953	-0.8973355	0.048400123	-0.68839085	-0.3964646	-1.5120225	-0.07011107	0.14962071	-1.4099395	0.4270343	-1.6220555	-1.233813
63	-1.3534166	0.6524952	-0.62120247	-0.9059499	0.13125108	-0.795928	-1.5835011	-0.8909042	0.6721838	-1.1864424	0.23767725	0.7105465	-0.9457221	-0.867726	-0.122636415	-1.4443724	-0.8926279	-0.6062396	2.0888135	-0.0551799	-1.1913257	1.0761766	0.35707182	-0.22408676	0.7062991	0.24968466	0.32425708	-0.8395215	-0.51836073	-1.8238232	-0.14279819	0.8565049	-0.55152893	1.4630301	1.2228023	-0.7824975	0.3308904	1.0428163	0.8889381	-0.0342204	-0.96431875	0.039875034	-0.73817456	-0.38934797	-1.524449	-0.09066955	0.19657406	-1.422349	0.45311084	-1.668365	-1.2872611
64	-1.3332323	0.64127606	-0.6392016	-0.90271807	0.13768862	-0.80761975	-1.6025045	-0.8960642	0.64377195	-1.215097	0.22255616	0.735766	-0.94404036	-0.87895423	-0.15794808	-1.4495592	-0.89828485	-0.59444636	2.1044898	-0.06881462	-1.181292	1.069304	0.38162225	-0.18698913	0.7414981	0.2676624	0.336246	-0.8480283	-0.5330584	-1.8282045	-0.14815354	0.8609682	-0.58183867	1.4654603	1.2463704	-0.77937	0.35051256	1.0494393	0.9049232	-0.021696275	-0.9552385	0.05566463	-0.7734331	-0.3850839	-1.5404392	-0.09757255	0.1846879	-1.4267017	0.44958583	-1.6614051	-1.2791297
65	-1.4164749	0.6462939	-0.68560433	-0.94701654	0.12429716	-0.87409216	-1.6707579	-0.95647407	0.68814695	-1.252641	0.24354082	0.7590748	-0.9850302	-0.9370981	-0.15950342	-1.516208	-0.9385449	-0.6351275	2.199953	-0.06239462	-1.2172854	1.1294568	0.4082278	-0.22534674	0.77019995	0.27961895	0.3467405	-0.8801775	-0.5505174	-1.9151502	-0.118941054	0.87975025	-0.58540565	1.5484103	1.3049984	-0.8168978	0.35283783	1.0808494	0.97192967	-0.048482575	-1.0439035	0.042047758	-0.80171067	-0.39559367	-1.5913111	-0.09407262	0.20162602	-1.4851245	0.45757833	-1.7180083	-1.3679428
66	-1.3101587	0.6288286	-0.6528665	-0.89564526	0.1253138	-0.79202193	-1.5445222	-0.88097954	0.65653247	-1.1889659	0.21981733	0.74308765	-0.9313723	-0.8328263	-0.13251896	-1.4226592	-0.8837765	-0.5934809	2.0187821	-0.06223928	-1.1733735	1.0653061	0.35997146	-0.20472772	0.71672857	0.23898546	0.29937306	-0.8395824	-0.5206072	-1.8019611	-0.13300472	0.8498083	-0.54668325	1.4099337	1.2345921	-0.74247926	0.3060791	1.047817	0.8940334	-0.019905556	-0.9403495	0.044373687	-0.72791296	-0.36231005	-1.5070248	-0.062363714	0.16152301	-1.4264529	0.41573706	-1.615394	-1.2368498
67	-1.3902048	0.66149455	-0.6627468	-0.9353023	0.13749154	-0.83778536	-1.6388439	-0.93145144	0.6842498	-1.2343485	0.23679361	0.75107837	-0.98528945	-0.89082146	-0.13918677	-1.4830984	-0.9153285	-0.62369007	2.1547027	-0.062034115	-1.2065183	1.1110989	0.38293692	-0.22540446	0.7574832	0.25998354	0.32916796	-0.8702191	-0.5369471	-1.8864061	-0.14031318	0.87664384	-0.5745613	1.5113698	1.2767348	-0.80178285	0.3379287	1.0742954	0.93869406	-0.04086947	-0.9998828	0.045173556	-0.7705925	-0.39842775	-1.5757235	-0.08598419	0.19325311	-1.4813799	0.4600444	-1.7016397	-1.3259156
68	-1.383912	0.6536605	-0.66618705	-0.91690105	0.14191045	-0.8371271	-1.6401994	-0.91499746	0.6483133	-1.211619	0.23299976	0.74966496	-0.9849862	-0.895355	-0.14460261	-1.4788901	-0.91285473	-0.6160953	2.1588204	-0.061529696	-1.2080128	1.1061183	0.37057886	-0.21590137	0.7627907	0.26032227	0.32808453	-0.8621901	-0.55137414	-1.8716316	-0.14668846	0.8731316	-0.5755308	1.526751	1.2574526	-0.78572947	0.33771905	1.08664	0.94070417	-0.023866147	-0.9920352	0.054041557	-0.76853776	-0.3924366	-1.5725743	-0.092647895	0.18981938	-1.4661174	0.45568043	-1.7100419	-1.3254275
69	-1.3069841	0.6264492	-0.6149746	-0.8720908	0.13313909	-0.7740797	-1.5541652	-0.8794596	0.6125881	-1.1542195	0.19856212	0.6947257	-0.92525387	-0.8533389	-0.12656099	-1.4117877	-0.87312454	-0.59681493	2.0449834	-0.04739125	-1.1535492	1.0431374	0.37107533	-0.1941567	0.73638433	0.24489899	0.32417828	-0.8364512	-0.50416785	-1.781837	-0.14751266	0.83809483	-0.55941254	1.4205707	1.2080978	-0.75099236	0.33134493	1.0095627	0.88657826	-0.03238715	-0.9371728	0.057968188	-0.7295212	-0.3865012	-1.4971277	-0.087172434	0.18088874	-1.3911	0.434498	-1.601343	-1.2536403
70	-1.3634408	0.66310316	-0.6822649	-0.93363297	0.15066873	-0.8392382	-1.6380721	-0.9161447	0.6729828	-1.2431083	0.25023526	0.76863545	-0.99522233	-0.87166774	-0.13062917	-1.4848481	-0.9253204	-0.6501357	2.1035852	-0.07384088	-1.2325397	1.1170404	0.36251336	-0.22848916	0.73927146	0.24447432	0.29880756	-0.86816746	-0.53620845	-1.8880267	-0.1426368	0.86668724	-0.5597415	1.5004954	1.2801286	-0.7871311	0.31784034	1.0815423	0.9437955	-0.04167012	-0.99961436	0.035709217	-0.78697973	-0.37472898	-1.5666326	-0.07316222	0.18137905	-1.4914848	0.44897753	-1.6918764	-1.2800287
71	-1.3583977	0.6562706	-0.6270408	-0.9053039	0.14373021	-0.8042078	-1.6142138	-0.9028913	0.6483907	-1.1920458	0.23520914	0.71836436	-0.96920836	-0.8854491	-0.12566689	-1.4604379	-0.8947973	-0.61533695	2.1219923	-0.05305811	-1.1883253	1.0953617	0.36222884	-0.22086148	0.74712604	0.25461805	0.3227588	-0.85053897	-0.5316358	-1.8509314	-0.15663855	0.8563115	-0.5624448	1.4883746	1.2352786	-0.7945315	0.34612346	1.0556327	0.91560006	-0.03903544	-0.9809559	0.050079264	-0.75662315	-0.40457916	-1.5367662	-0.09535093	0.20069219	-1.4444249	0.46986553	-1.6844945	-1.3105371
72	-1.2637318	0.6034667	-0.5908305	-0.8432905	0.12100999	-0.7438636	-1.4888799	-0.841941	0.61229473	-1.1176537	0.19564061	0.657013	-0.86671853	-0.8284419	-0.13395277	-1.3594625	-0.8474199	-0.5661012	1.9578716	-0.052511357	-1.110976	0.9883692	0.36257413	-0.1840552	0.6788667	0.24910238	0.32936642	-0.79990005	-0.47352648	-1.7128686	-0.13114518	0.80863875	-0.54033	1.3616716	1.1506526	-0.72444046	0.33359087	0.96012974	0.8323588	-0.029009137	-0.8944101	0.058546994	-0.7073349	-0.36122766	-1.4373322	-0.098407574	0.18432744	-1.3151937	0.4113029	-1.5392565	-1.2144516
73	-1.364902	0.63546777	-0.6516216	-0.9087485	0.13271132	-0.8160434	-1.610519	-0.9103359	0.6487138	-1.2012808	0.21137488	0.72998756	-0.9583126	-0.8859295	-0.14819679	-1.470679	-0.89410514	-0.6117083	2.1230335	-0.05869803	-1.1870147	1.0797297	0.38168934	-0.2057526	0.7446353	0.25984067	0.33752218	-0.85010195	-0.53735197	-1.8421354	-0.14627998	0.8580325	-0.567335	1.4999579	1.2418956	-0.77924055	0.35235044	1.0519471	0.923434	-0.025303816	-0.9773398	0.044990204	-0.76253223	-0.39098385	-1.558853	-0.098079994	0.18708265	-1.4389708	0.44414148	-1.6895834	-1.3123715
74	-1.3441479	0.6769469	-0.64930063	-0.9043872	0.14917867	-0.80645674	-1.6015191	-0.88731277	0.66051346	-1.2042458	0.22971676	0.74577326	-0.9884856	-0.8270033	-0.10203885	-1.4525301	-0.88257074	-0.61795086	2.0768995	-0.07474539	-1.2012876	1.1135756	0.34131074	-0.22004418	0.74690264	0.23036295	0.30280113	-0.8494925	-0.52704406	-1.8492512	-0.15754807	0.87829816	-0.5472496	1.4634382	1.2519373	-0.7773326	0.28571707	1.0782342	0.91707516	-0.024252217	-0.941058	0.033720255	-0.7162595	-0.40347394	-1.5504372	-0.056286685	0.15574127	-1.4787452	0.4542226	-1.6748252	-1.2576877
75	-1.362719	0.65915185	-0.6943569	-0.9407625	0.14078574	-0.8584135	-1.6505972	-0.9318907	0.6724352	-1.2600582	0.25409925	0.793263	-1.0079193	-0.8978182	-0.1437745	-1.4982439	-0.9315663	-0.6442221	2.1411746	-0.07832837	-1.2308763	1.1415458	0.37986028	-0.21683109	0.77134055	0.24973667	0.3035711	-0.88300604	-0.5656498	-1.9148405	-0.12916479	0.8728639	-0.5742476	1.5211893	1.3166251	-0.80063725	0.32278213	1.1053524	0.9767395	-0.044112273	-1.0168252	0.024528768	-0.7975717	-0.37874317	-1.5759746	-0.061099935	0.1633241	-1.517937	0.4522352	-1.6970433	-1.2991142
76	-1.3327972	0.65751344	-0.6282522	-0.9037757	0.14734475	-0.792636	-1.581365	-0.8848289	0.6694706	-1.1855421	0.24115923	0.72705126	-0.9721393	-0.8379998	-0.10285983	-1.436177	-0.8729483	-0.6150521	2.0779498	-0.060592778	-1.1966567	1.0888094	0.35537657	-0.2315352	0.71898174	0.23055655	0.30609727	-0.8492299	-0.5196749	-1.8326116	-0.14800327	0.8622289	-0.5474447	1.4530157	1.2355293	-0.78655493	0.30331543	1.0498905	0.889554	-0.04008938	-0.9503323	0.017639132	-0.72862995	-0.39902052	-1.5356342	-0.066855945	0.16590488	-1.4478483	0.44699988	-1.6644788	-1.2450652
77	-1.2835553	0.6180113	-0.60398006	-0.85759896	0.124787584	-0.75800693	-1.5127045	-0.84828043	0.6287072	-1.1340113	0.21353212	0.6836952	-0.89932966	-0.82077134	-0.11794235	-1.3696567	-0.85287756	-0.58091646	1.9820638	-0.05484762	-1.1350062	1.0139569	0.34972036	-0.20532264	0.6771731	0.23478457	0.3129661	-0.81331915	-0.48936918	-1.7433149	-0.13480264	0.81735724	-0.5329654	1.3878528	1.1739211	-0.7349335	0.31413642	0.98889405	0.84561265	-0.03429861	-0.9102409	0.04419251	-0.70273757	-0.3690696	-1.4551771	-0.081571735	0.17649779	-1.3578594	0.42119512	-1.5695459	-1.2119
78	-1.269572	0.6065908	-0.56690925	-0.84051174	0.12199955	-0.752532	-1.4818535	-0.8465923	0.61589324	-1.11554	0.19571182	0.6621455	-0.86688036	-0.8222605	-0.13585684	-1.358659	-0.84761924	-0.55556846	1.9740417	-0.045501687	-1.111704	0.9766079	0.35917816	-0.17889023	0.68306327	0.25248381	0.33461154	-0.7915628	-0.47829273	-1.6880969	-0.1384467	0.8201618	-0.5468176	1.3712503	1.1549462	-0.7315172	0.34647748	0.95250356	0.82465947	-0.022106877	-0.87649965	0.08144988	-0.70371246	-0.36529094	-1.433198	-0.0950493	0.1804423	-1.3119645	0.42907256	-1.5435033	-1.2278711
