	0	1	2	3	4	5	6	7	8	9	10	11	12	13	14	15	16	17	18	19	20	21	22	23	24	25	26	27	28	29	30	31	32	33	34	35	36	37	38	39	40	41	42	43	44	45	46	47	48
0	2.1074886	-0.3874382	-0.17201471	-1.9875672	1.4497309	-0.2180319	1.8262589	-0.6478867	-0.7153659	-0.8907195	-1.1080834	-0.26113036	-0.253474	0.8088691	-1.3818221	1.2076048	-0.6092958	-0.7785154	-2.5323384	2.4111614	0.12794131	0.1872227	0.30998373	1.2650561	1.1756989	1.375633	-0.07839209	-0.41914997	-0.71326673	2.1325073	-0.015465752	1.4783078	1.1422285	0.8482276	0.45384547	0.10370326	0.9856572	0.4572977	0.21059297	0.3668071	2.1590066	-1.3698784	-0.053432353	0.103221804	0.21266791	-1.3216887	-1.6792637	-0.22147627	-3.253108
1	2.0561829	-0.3880901	-0.14320646	-1.9361894	1.4183135	-0.21104379	1.7793268	-0.6638375	-0.6866049	-0.8496667	-1.0599457	-0.26508668	-0.2347456	0.8131357	-1.3637688	1.1854224	-0.5889982	-0.75006926	-2.4595797	2.341069	0.12639932	0.21646228	0.3216809	1.2143583	1.1370131	1.3191353	-0.07879754	-0.38887486	-0.6906194	2.0952182	-0.026394676	1.4449408	1.1069242	0.8394714	0.44947085	0.06740784	0.9506421	0.45248982	0.21082091	0.35428727	2.0871546	-1.314492	-0.05662181	0.09567253	0.20816763	-1.2527856	-1.6342243	-0.20954037	-3.165391
2	2.1452355	-0.40896273	-0.15542315	-2.0192568	1.4886053	-0.2135129	1.8641137	-0.6593526	-0.7447795	-0.9045153	-1.1377351	-0.2398522	-0.2734096	0.8392036	-1.4453027	1.2344906	-0.64402694	-0.8027032	-2.5831017	2.4590209	0.15739582	0.20695224	0.27251047	1.2788594	1.235894	1.4226317	-0.075775355	-0.4358324	-0.7351886	2.1965714	-0.011506063	1.5198736	1.1640433	0.85950077	0.4597574	0.11853169	1.0033451	0.456123	0.2162245	0.39436665	2.2067995	-1.3636628	-0.1001502	0.10299143	0.18357807	-1.3480352	-1.7146169	-0.24233136	-3.306776
3	2.198433	-0.44044366	-0.16816267	-2.0643253	1.520513	-0.21443546	1.8807207	-0.683777	-0.7489234	-0.94854695	-1.1472037	-0.29144904	-0.2645181	0.88102347	-1.4473389	1.277845	-0.6358536	-0.8183567	-2.6422753	2.5009117	0.139357	0.2014829	0.3113081	1.2696714	1.2262304	1.4228176	-0.07273605	-0.4210751	-0.7431497	2.2461042	-0.05775843	1.556967	1.1781626	0.8983814	0.45681074	0.08895341	1.0530987	0.4581066	0.21247238	0.39091262	2.2336414	-1.422877	-0.072339386	0.1287406	0.2250678	-1.3672303	-1.7465644	-0.22340141	-3.3896286
4	1.9347104	-0.3742067	-0.15783483	-1.8112134	1.3370278	-0.17536665	1.6860393	-0.60693884	-0.67049295	-0.7869313	-1.0002288	-0.22471265	-0.21100934	0.750548	-1.2790232	1.1150762	-0.56316274	-0.68817896	-2.3072824	2.2013862	0.1086699	0.17823564	0.26187977	1.1560521	1.0674356	1.2334194	-0.07579181	-0.37701038	-0.66207516	1.9524157	0.009200774	1.3744086	1.0174828	0.78253907	0.4125359	0.088539556	0.88271904	0.42547178	0.20687944	0.3206547	1.9643424	-1.2293077	-0.06254086	0.08408716	0.17782083	-1.1994045	-1.5192301	-0.21585652	-2.943043
5	2.124872	-0.40353405	-0.21343298	-1.9809219	1.444188	-0.19302672	1.8638431	-0.6731124	-0.7174539	-0.86687803	-1.123798	-0.261015	-0.22462751	0.8145985	-1.3721317	1.2256684	-0.6017378	-0.7401081	-2.5125744	2.433476	0.07417044	0.14801669	0.3410262	1.2924378	1.1660639	1.3681346	-0.1032568	-0.44538027	-0.7609393	2.1263502	0.04884925	1.5310363	1.130957	0.86348754	0.41993877	0.10061622	0.99233615	0.453039	0.2077229	0.3808305	2.2051866	-1.3966656	-0.035340067	0.106694795	0.19950527	-1.2988015	-1.6842536	-0.22858956	-3.2534304
6	2.3120005	-0.46465546	-0.17114809	-2.1654315	1.5994102	-0.19705465	1.9730314	-0.7215552	-0.78456956	-0.9767701	-1.2064476	-0.29170522	-0.2710411	0.9288948	-1.5306039	1.352959	-0.6721964	-0.84330195	-2.7640476	2.6141899	0.14514337	0.23208684	0.3128856	1.3241141	1.2749674	1.4813061	-0.072165824	-0.4353186	-0.7701021	2.3518245	-0.06295845	1.6284338	1.217892	0.95208615	0.4883823	0.08386168	1.0927681	0.4917455	0.23307474	0.39703873	2.3264318	-1.475914	-0.08529733	0.12028383	0.22095802	-1.4229766	-1.8245482	-0.24257807	-3.5312188
7	1.9989464	-0.33131868	-0.15426354	-1.8944105	1.3924713	-0.29816264	1.7462655	-0.64132303	-0.7020471	-0.8946725	-0.9660672	-0.3137644	-0.23915008	0.7243288	-1.3692436	1.1719263	-0.58391935	-0.7606854	-2.4573486	2.297813	0.17833415	0.20248629	0.36124992	1.1895092	1.10491	1.3355138	-0.13596272	-0.37178746	-0.720029	2.1083603	-0.08448526	1.3919399	1.1040862	0.8751176	0.43491307	0.083145976	0.93393135	0.5026859	0.19816063	0.3357829	2.0368934	-1.251821	-0.096677184	0.12122285	0.25168547	-1.2392716	-1.63311	-0.22479573	-3.1812077
8	2.151202	-0.42026958	-0.15013763	-2.0622113	1.4912093	-0.24151881	1.8872697	-0.6629278	-0.7286212	-0.90947145	-1.1481271	-0.3313491	-0.27271616	0.8675587	-1.4184911	1.25827	-0.62917936	-0.80858535	-2.6222436	2.5192645	0.1470251	0.20926805	0.3743973	1.284925	1.2123485	1.4086744	-0.0916735	-0.41696733	-0.7354009	2.2255123	-0.03956639	1.5394423	1.1863254	0.9143831	0.4229214	0.10178108	1.0443585	0.47494385	0.20062673	0.38925853	2.2478368	-1.4231796	-0.042574935	0.13775635	0.23906948	-1.3674715	-1.7386054	-0.2524232	-3.383909
9	2.188327	-0.4568418	-0.195699	-2.097523	1.5381075	-0.19404848	1.9672697	-0.67618656	-0.7732664	-0.9477209	-1.1920502	-0.30118424	-0.2575177	0.8784585	-1.4725542	1.2698073	-0.6746493	-0.80033046	-2.6325173	2.5571556	0.13489242	0.17282706	0.32246676	1.3085036	1.2364619	1.4777136	-0.1317538	-0.44488654	-0.8091602	2.2665694	0.012555866	1.6012866	1.1823336	0.90740496	0.42058516	0.1269914	1.0599254	0.46232757	0.2019678	0.4206674	2.2965243	-1.4555398	-0.0853636	0.1435451	0.18926524	-1.3631665	-1.7730724	-0.27188072	-3.4193568
10	2.167026	-0.42568517	-0.16917549	-2.0141914	1.4983145	-0.21473667	1.8825465	-0.6981599	-0.7371011	-0.9080026	-1.1079077	-0.254168	-0.23201813	0.84956646	-1.4172013	1.2437171	-0.6181519	-0.79089135	-2.5806496	2.448601	0.118774556	0.2114038	0.31482616	1.2747707	1.2021362	1.3899417	-0.087287664	-0.4211658	-0.739152	2.1822097	-0.008995919	1.5323368	1.1532028	0.8880957	0.46454272	0.07573945	1.0034314	0.46138033	0.22641751	0.38427392	2.1880422	-1.3860515	-0.062241692	0.10140391	0.21488543	-1.3274251	-1.7167703	-0.22250733	-3.3079572
11	1.9924815	-0.36965957	-0.14340918	-1.8798654	1.3767657	-0.21690862	1.7326449	-0.6507338	-0.64980847	-0.81827945	-1.0253483	-0.26095688	-0.22826523	0.78451365	-1.2941118	1.1352619	-0.5618477	-0.7390727	-2.3727574	2.2639773	0.11256928	0.21537706	0.329181	1.1867425	1.1155993	1.2921724	-0.07727455	-0.38521248	-0.6568852	2.0194142	-0.017984163	1.398856	1.0747603	0.82454604	0.43838045	0.06884145	0.9213267	0.43271545	0.20961629	0.3600341	2.023224	-1.278344	-0.04003844	0.093002036	0.20633096	-1.2138728	-1.5919232	-0.20651862	-3.0728009
12	2.079731	-0.3763132	-0.18495108	-1.9821001	1.4762356	-0.25741774	1.8214806	-0.70490617	-0.7391921	-0.9154289	-1.0612955	-0.292329	-0.24152912	0.831731	-1.4179121	1.2299501	-0.5767343	-0.7713826	-2.5430133	2.381982	0.13351758	0.18357827	0.3433267	1.2137218	1.1598953	1.3435571	-0.12295628	-0.36928794	-0.77122426	2.1437955	-0.060026858	1.4821403	1.163474	0.8917734	0.46628124	0.091546	1.0152482	0.49327084	0.18798853	0.33824506	2.1654007	-1.3349426	-0.08256565	0.11805464	0.22895405	-1.3103863	-1.696485	-0.21272255	-3.2760534
13	2.0540986	-0.376038	-0.16150312	-1.9194518	1.4164377	-0.21292718	1.7847323	-0.674694	-0.69000137	-0.8445982	-1.052319	-0.25593713	-0.23347843	0.80335534	-1.3517834	1.1840544	-0.5966792	-0.7402438	-2.4414184	2.3316226	0.1023109	0.20775318	0.33187455	1.1978009	1.1513575	1.3300012	-0.07742742	-0.3908032	-0.6989554	2.0908074	-0.008271384	1.4400089	1.0916283	0.83543277	0.4508855	0.084372014	0.9460937	0.44802547	0.2194814	0.36524832	2.0821035	-1.3029886	-0.0383835	0.10578447	0.20541772	-1.2348733	-1.619809	-0.20147566	-3.161622
14	1.9057196	-0.35535553	-0.17603464	-1.799904	1.3222263	-0.19889303	1.6942565	-0.5803762	-0.7046719	-0.8263078	-0.98733455	-0.23039535	-0.2233329	0.7254187	-1.2709752	1.1111481	-0.58963263	-0.6692687	-2.287986	2.2092419	0.10082551	0.14707959	0.2554412	1.118639	1.0986876	1.2645913	-0.1022005	-0.39854735	-0.69467086	1.9758769	0.0030750334	1.3729937	0.9862765	0.7747347	0.3783114	0.14805855	0.8933154	0.43039536	0.20619807	0.33900106	1.97514	-1.2144307	-0.070255384	0.121319175	0.17311913	-1.1907337	-1.5042105	-0.22543809	-2.9376645
15	2.0954561	-0.4099423	-0.17324273	-2.0323126	1.4654505	-0.19848259	1.8417898	-0.64887583	-0.710024	-0.86523074	-1.1201992	-0.3159882	-0.2467664	0.83827066	-1.4072192	1.2344669	-0.640133	-0.75395626	-2.5323482	2.4463456	0.12988697	0.21024324	0.32805714	1.2657444	1.1661733	1.3611149	-0.10042377	-0.39701825	-0.734616	2.1544352	-0.017460901	1.5218784	1.1391301	0.8681124	0.41748837	0.11272581	0.99961996	0.45997757	0.20475528	0.37188303	2.1735888	-1.3634267	-0.08267142	0.10042123	0.20273824	-1.3026841	-1.694187	-0.2519882	-3.2709267
16	2.1064143	-0.4267083	-0.15230142	-1.9859493	1.461779	-0.21426378	1.8374652	-0.66888744	-0.70231426	-0.89358073	-1.118783	-0.27742553	-0.25394392	0.85239744	-1.4042145	1.2216469	-0.6070636	-0.7926993	-2.5276556	2.4144464	0.14018095	0.20321122	0.33970386	1.2414825	1.1886419	1.3872901	-0.096513	-0.41437003	-0.7304154	2.1645763	-0.034478515	1.4972974	1.149881	0.858325	0.43450347	0.0693963	1.0066377	0.4378886	0.19710332	0.3949393	2.1788871	-1.3749207	-0.07783395	0.12438701	0.19591667	-1.2975842	-1.6936922	-0.2282237	-3.2747707
17	2.265117	-0.48090014	-0.15858185	-2.1069095	1.5535271	-0.1879307	1.9424748	-0.7382076	-0.7518221	-0.9124439	-1.2119387	-0.2670796	-0.2833451	0.9339979	-1.5113649	1.3078495	-0.6578522	-0.8172181	-2.695699	2.5649693	0.13065466	0.23062938	0.3095913	1.3053977	1.2755978	1.4616185	-0.058071487	-0.43652445	-0.76870745	2.3016627	-0.0007938107	1.6176174	1.2154684	0.867563	0.46704596	0.10245381	1.0821685	0.43038392	0.22537504	0.44679454	2.3096778	-1.458117	-0.070362985	0.118844956	0.18998231	-1.3653215	-1.7864752	-0.20632875	-3.48575
18	2.2014802	-0.4062895	-0.18010403	-2.080727	1.5150871	-0.21855077	1.8957187	-0.6895633	-0.7308266	-0.92657506	-1.1517718	-0.30776912	-0.23921673	0.8698934	-1.4464276	1.2886153	-0.6370126	-0.8051215	-2.616921	2.519867	0.1165534	0.19436337	0.37839985	1.2976856	1.2169873	1.4224654	-0.09115049	-0.44319254	-0.7620288	2.2608476	-0.02653373	1.5793387	1.1902335	0.9251697	0.4429583	0.07820794	1.0308203	0.48508197	0.19421758	0.39728257	2.2612722	-1.4198841	-0.0644684	0.12732956	0.23700236	-1.337929	-1.756601	-0.23683542	-3.4034705
19	1.9908302	-0.4018557	-0.14016579	-1.890388	1.402928	-0.2046468	1.7639226	-0.6267128	-0.7076746	-0.81770366	-1.0446275	-0.21157621	-0.24955879	0.78411674	-1.3408619	1.1325984	-0.6167825	-0.73455095	-2.3892465	2.290733	0.14228205	0.21097289	0.22973324	1.1861713	1.1778022	1.3332919	-0.07355459	-0.4070468	-0.68345577	2.0490901	0.020466927	1.4357979	1.0653554	0.7793398	0.4200874	0.14649184	0.924146	0.4019508	0.21385495	0.39941207	2.0382369	-1.245221	-0.09574433	0.09190483	0.15640979	-1.2517782	-1.5851669	-0.23279391	-3.0711086
20	2.0663204	-0.3962786	-0.12972683	-1.9571267	1.4327172	-0.20767036	1.8044153	-0.6651392	-0.7027867	-0.83927923	-1.0870559	-0.26005888	-0.2437651	0.8334975	-1.3953809	1.1974714	-0.6110404	-0.755609	-2.4696639	2.3801007	0.12361587	0.22417182	0.32480443	1.214855	1.1650094	1.3325835	-0.07940715	-0.4038051	-0.6950714	2.1303782	-0.009690611	1.464457	1.1121186	0.8230619	0.43296933	0.08555462	0.9501371	0.4406362	0.20141496	0.38815722	2.1113834	-1.3198137	-0.06100216	0.100944534	0.20480974	-1.2548106	-1.6339444	-0.21789446	-3.1934435
21	2.0473228	-0.38883233	-0.15209155	-1.9059757	1.4151378	-0.20465806	1.7583005	-0.6586571	-0.69586414	-0.8583855	-1.0562817	-0.2367762	-0.24025449	0.80186296	-1.3701903	1.1850748	-0.6003626	-0.7482991	-2.4408116	2.3105955	0.124711365	0.20409152	0.30089718	1.1791296	1.151304	1.3320571	-0.06713604	-0.39437607	-0.6994598	2.097246	-0.027785208	1.434915	1.0966368	0.80638826	0.44639644	0.08670561	0.9507549	0.42710033	0.20381443	0.37872648	2.067937	-1.2901924	-0.070512965	0.10645976	0.19564931	-1.2369075	-1.61451	-0.19180699	-3.1538086
22	2.144375	-0.40813768	-0.14336705	-2.0574603	1.4820397	-0.17192966	1.8228024	-0.6809143	-0.706161	-0.87359643	-1.169203	-0.31525135	-0.24581237	0.8753598	-1.4666581	1.2492251	-0.6502219	-0.7789576	-2.530949	2.4867172	0.12490973	0.20222497	0.33986163	1.260962	1.1696417	1.3896258	-0.064715154	-0.43982765	-0.7264988	2.2445545	-0.01240865	1.5567923	1.1803573	0.8690901	0.40298936	0.07306849	0.99554384	0.4312422	0.14288273	0.447595	2.1743472	-1.3749422	-0.079498395	0.10866961	0.23422204	-1.2573988	-1.7187033	-0.22480276	-3.333284
23	2.0054343	-0.4000282	-0.17234886	-1.888532	1.3894243	-0.16492052	1.7722002	-0.6106066	-0.718224	-0.8555571	-1.0616955	-0.21526821	-0.22258085	0.7762218	-1.3335465	1.1517969	-0.60383195	-0.7124786	-2.3825574	2.2907794	0.11022797	0.16817707	0.24568568	1.1887596	1.1268898	1.3200938	-0.09534719	-0.4244721	-0.7060425	2.050905	0.013114097	1.4393092	1.0387901	0.80656004	0.4082655	0.11711056	0.9247487	0.4268596	0.20589146	0.36521956	2.0560572	-1.2981119	-0.08050972	0.10123933	0.16476223	-1.241997	-1.5826112	-0.23459335	-3.0505104
24	2.072398	-0.40065375	-0.15083188	-1.9360763	1.4232721	-0.20635386	1.7951626	-0.6407178	-0.70680195	-0.8719568	-1.0871345	-0.2559813	-0.24586381	0.81508756	-1.3616816	1.2016592	-0.58934593	-0.7631927	-2.4941378	2.3698487	0.12897773	0.19009155	0.3117467	1.2257655	1.1499388	1.3320065	-0.07617397	-0.406404	-0.69986093	2.09912	-0.028963594	1.4543457	1.114966	0.84661454	0.43621853	0.08012586	0.9775887	0.45190573	0.20953496	0.35247305	2.1236122	-1.3434285	-0.053044293	0.10788367	0.2065738	-1.29936	-1.6446102	-0.22125731	-3.1839354
25	2.0110414	-0.34650674	-0.1463355	-1.9206961	1.4073946	-0.23781651	1.7579864	-0.6232687	-0.6855439	-0.82847416	-1.0645313	-0.2733997	-0.26969397	0.7806258	-1.3266224	1.160191	-0.6072184	-0.7544834	-2.431282	2.3460436	0.12626438	0.21923843	0.30944687	1.1952281	1.1716647	1.333737	-0.068124875	-0.39759997	-0.66024673	2.062773	-0.030498493	1.4030629	1.0884016	0.82772183	0.42205197	0.13619515	0.94750917	0.4504524	0.22122993	0.37226787	2.0611672	-1.2641912	-0.05330614	0.111345805	0.21315464	-1.268411	-1.6136848	-0.23985444	-3.1402805
26	2.134683	-0.4003291	-0.15991327	-2.003742	1.4728651	-0.20610595	1.8365815	-0.69595134	-0.7293295	-0.8864519	-1.1099354	-0.27483302	-0.25999993	0.84963226	-1.4223391	1.2479175	-0.59008926	-0.7736144	-2.567321	2.4238884	0.12601668	0.19578771	0.32020116	1.2454123	1.1711831	1.3620626	-0.0758858	-0.40311706	-0.7237468	2.1741164	-0.041099176	1.5041922	1.148165	0.8852441	0.46802354	0.08675876	1.0166702	0.47859028	0.21274361	0.3605818	2.1833248	-1.3665344	-0.05842362	0.10568621	0.21653876	-1.3171462	-1.6955124	-0.2138424	-3.2903266
27	2.2082355	-0.42046997	-0.1444428	-2.0735042	1.5103511	-0.23774254	1.8813727	-0.70458764	-0.70790607	-0.90609604	-1.1540792	-0.2933971	-0.27186188	0.8819695	-1.4512224	1.2638263	-0.60802686	-0.83105075	-2.6361132	2.4983017	0.15678191	0.24150108	0.3593435	1.2963841	1.2246218	1.4310644	-0.08125405	-0.42861357	-0.71819305	2.2514355	-0.05113383	1.5340706	1.1993349	0.89972657	0.47334006	0.065422684	1.0284889	0.47899723	0.2066522	0.3963145	2.240321	-1.4216217	-0.06241573	0.12539358	0.22967641	-1.356322	-1.7558926	-0.2263454	-3.4199343
28	1.9439031	-0.37015468	-0.13363884	-1.8440806	1.3605678	-0.2308281	1.7360168	-0.6193386	-0.6917039	-0.818673	-1.0096776	-0.22043832	-0.23596865	0.7411653	-1.306311	1.1145401	-0.58417577	-0.70319283	-2.349918	2.2609034	0.12833963	0.19138429	0.28585836	1.1677752	1.1270066	1.2971854	-0.084190466	-0.39786777	-0.68203485	2.013983	0.00034460612	1.3810827	1.057265	0.7703977	0.4102426	0.11642981	0.9116756	0.4118148	0.2047783	0.37473965	2.0109093	-1.2305359	-0.063287646	0.09361815	0.17717288	-1.2156318	-1.5623463	-0.21464297	-3.0250142
29	1.9085611	-0.3488633	-0.12909439	-1.8492976	1.3394302	-0.19354147	1.6703295	-0.6196216	-0.6355178	-0.76170117	-1.0154352	-0.25502136	-0.23505506	0.7516706	-1.3134569	1.0980705	-0.5692631	-0.7000554	-2.2662601	2.2141826	0.11970364	0.20972972	0.29707095	1.1542227	1.0772183	1.2630368	-0.08794269	-0.38847372	-0.6331374	1.9948207	-0.017590282	1.3530028	1.0274928	0.7562441	0.40059063	0.08005568	0.86204046	0.4033937	0.17634651	0.3803057	1.9489135	-1.2038296	-0.091224045	0.07783773	0.17939858	-1.1407206	-1.5275856	-0.22544265	-2.9688554
30	2.0388196	-0.38440067	-0.1500474	-1.9314903	1.4028679	-0.20021574	1.7596394	-0.6406807	-0.6666605	-0.8334637	-1.0747763	-0.28502464	-0.24693012	0.81128484	-1.3213985	1.1743027	-0.57918876	-0.7484682	-2.4342594	2.3327596	0.11928444	0.21205297	0.32349202	1.2038503	1.1279951	1.315328	-0.074795194	-0.3923449	-0.66214204	2.0627618	-0.03577173	1.4266424	1.0884573	0.8475509	0.42828578	0.084357165	0.9587334	0.44910648	0.20869517	0.35495168	2.069034	-1.3173109	-0.03870054	0.107380554	0.21097742	-1.2602636	-1.6225545	-0.22524409	-3.1428409
31	2.1387334	-0.41576672	-0.18778925	-2.0151634	1.49623	-0.20914103	1.875359	-0.68919885	-0.7377823	-0.8842107	-1.1161354	-0.26918492	-0.24276486	0.8438271	-1.4062402	1.2438025	-0.6133729	-0.7795208	-2.546961	2.4372976	0.104757	0.18533528	0.33499002	1.2464426	1.1954176	1.3926598	-0.096488275	-0.41817313	-0.7379559	2.1751652	-0.008380476	1.5218445	1.1360998	0.87292135	0.44634312	0.112010024	1.0080523	0.45448524	0.2048926	0.39846897	2.1820707	-1.373863	-0.0514935	0.122780874	0.21352577	-1.322372	-1.6870444	-0.23043096	-3.305366
32	2.0592883	-0.40721247	-0.14954038	-1.958208	1.4246303	-0.25163385	1.7652799	-0.64716816	-0.6674385	-0.8553748	-1.0676476	-0.31331652	-0.24864917	0.84253937	-1.3430847	1.1931773	-0.5809791	-0.79234505	-2.478772	2.3767467	0.1254612	0.21035315	0.35046488	1.2301359	1.1732671	1.3177345	-0.083132476	-0.3959232	-0.6798823	2.106896	-0.05154224	1.468489	1.1221725	0.84078175	0.41166556	0.060484752	0.9704914	0.42720422	0.19796592	0.36919817	2.1216142	-1.3416747	-0.06733993	0.12273383	0.23073688	-1.290751	-1.6428578	-0.2279886	-3.2044363
33	1.993557	-0.3544538	-0.10793731	-1.9018606	1.4096901	-0.23909625	1.7495878	-0.6369444	-0.6978758	-0.8114117	-1.0384864	-0.24991122	-0.2566931	0.79036826	-1.3580067	1.1614988	-0.59645456	-0.734369	-2.4248033	2.3053684	0.1561112	0.24165107	0.3201349	1.1443517	1.1455787	1.302934	-0.06131564	-0.3641647	-0.66854984	2.079961	-0.043916963	1.3845896	1.0921868	0.7937083	0.446761	0.1283601	0.93520707	0.46571782	0.21112989	0.35023725	2.0376577	-1.224249	-0.05688118	0.12077126	0.20801562	-1.2533343	-1.5822884	-0.2102881	-3.1308327
34	1.908088	-0.3733824	-0.16058722	-1.8221049	1.3422545	-0.17375597	1.7435584	-0.58502036	-0.72892326	-0.8165779	-1.0171696	-0.1926489	-0.2276988	0.7252305	-1.2924137	1.0886358	-0.60619104	-0.6679328	-2.2926865	2.227858	0.12119335	0.1531219	0.20736012	1.1484926	1.1101661	1.2998543	-0.10607991	-0.41373083	-0.6990154	1.9765697	0.050420407	1.3872207	1.0010021	0.7760359	0.38936117	0.17185427	0.88925034	0.41966194	0.199088	0.365517	1.9829103	-1.2223442	-0.07235077	0.09497605	0.14054309	-1.2118981	-1.5239056	-0.24624763	-2.9343188
35	2.1494644	-0.42664585	-0.15265316	-2.0353098	1.493647	-0.21170615	1.8756137	-0.6656582	-0.7243907	-0.90810794	-1.1499943	-0.30809098	-0.26015505	0.87402934	-1.411002	1.245334	-0.6337906	-0.8201018	-2.5835512	2.4853554	0.13578776	0.19617525	0.3530019	1.2631068	1.2080246	1.4113864	-0.08062155	-0.42284608	-0.7276812	2.2053769	-0.020271474	1.5388725	1.1766436	0.8986902	0.42872506	0.09512196	1.0316311	0.45308873	0.19326043	0.41182804	2.2113326	-1.4112576	-0.04453517	0.1384479	0.23403588	-1.3392282	-1.7211733	-0.23898405	-3.350397
36	2.019315	-0.37828222	-0.15348786	-1.8980935	1.4037585	-0.22791606	1.7574743	-0.6599793	-0.7053793	-0.86703515	-1.0289993	-0.28389814	-0.24062869	0.800623	-1.3592421	1.1736816	-0.58026487	-0.7504348	-2.453066	2.322614	0.12975211	0.18099862	0.31033534	1.192478	1.117795	1.2981936	-0.092489965	-0.3664195	-0.7078275	2.070012	-0.034652404	1.4272631	1.1005226	0.8456674	0.44143027	0.07193549	0.95659	0.46009812	0.20706084	0.33169514	2.0692737	-1.3004159	-0.059441816	0.10910731	0.2239133	-1.2499892	-1.6165447	-0.20823064	-3.1381526
37	2.0785837	-0.40083164	-0.1387274	-1.9561633	1.4361055	-0.23151311	1.7996635	-0.670263	-0.6942385	-0.8555023	-1.0716766	-0.27388728	-0.24602085	0.82718843	-1.3842255	1.2057076	-0.5948379	-0.7727369	-2.5033216	2.380312	0.13537028	0.22846599	0.33514234	1.2350588	1.1660609	1.3338882	-0.0829497	-0.3959008	-0.6971854	2.1250837	-0.03176517	1.4650677	1.1278871	0.8543777	0.43956378	0.06633202	0.9659191	0.4488124	0.20955068	0.37169036	2.1228163	-1.3314486	-0.06577285	0.09859903	0.21602443	-1.2813218	-1.6577837	-0.22261658	-3.2166314
38	2.0911798	-0.41173843	-0.16771033	-1.9470242	1.421663	-0.19676521	1.8147944	-0.6506371	-0.70858765	-0.8706991	-1.1074837	-0.26795802	-0.22561924	0.8278547	-1.3720046	1.2208046	-0.6081507	-0.754252	-2.4998784	2.3982558	0.10911623	0.17410012	0.3587373	1.2401483	1.1524742	1.3412024	-0.07967903	-0.42167974	-0.74037355	2.133647	0.0169112	1.503371	1.1379017	0.8619265	0.40720126	0.07708465	0.98044276	0.440289	0.17853977	0.38171482	2.165156	-1.3798441	-0.029305097	0.12070291	0.21662036	-1.2867937	-1.656143	-0.21449281	-3.2284706
39	1.91208	-0.3728769	-0.16341548	-1.799749	1.3313028	-0.17621963	1.6885439	-0.5756638	-0.69131637	-0.8203282	-1.0079405	-0.21995021	-0.22801493	0.739227	-1.2606902	1.1069989	-0.569448	-0.6892707	-2.2986333	2.193411	0.111444324	0.15925385	0.24479607	1.1228905	1.0827429	1.2563583	-0.08264385	-0.39070088	-0.6657334	1.9552791	-0.011891214	1.358774	0.99320364	0.78026086	0.39434654	0.12688021	0.90178245	0.4230642	0.20980369	0.32939893	1.9683534	-1.2313875	-0.06479381	0.11230053	0.1705887	-1.2138855	-1.5089405	-0.22693136	-2.9282877
40	1.9398537	-0.3664837	-0.13928111	-1.8372328	1.3462692	-0.22965491	1.6841375	-0.6343947	-0.6375168	-0.7818031	-0.98014855	-0.2689459	-0.2270767	0.75991803	-1.3038142	1.1294118	-0.55614483	-0.70819813	-2.328549	2.2279077	0.12200403	0.21302241	0.32472974	1.1660726	1.0865734	1.244282	-0.091607206	-0.35821146	-0.65426666	1.9919682	-0.0401601	1.3621954	1.0383507	0.77714175	0.42144307	0.049703903	0.8874394	0.42694077	0.21500058	0.32619622	1.9816214	-1.2188845	-0.08246571	0.088341385	0.18930726	-1.1766766	-1.540416	-0.21319656	-3.0037367
41	1.9897544	-0.35587418	-0.1601293	-1.907891	1.3935862	-0.2001151	1.7356644	-0.6474384	-0.6573523	-0.7967286	-1.0234828	-0.24521396	-0.22649512	0.75969994	-1.3079609	1.1440163	-0.5633072	-0.7149549	-2.363159	2.256797	0.107861035	0.22459422	0.2985674	1.201668	1.1066262	1.2894775	-0.08190667	-0.38822213	-0.6459965	2.0148473	-0.027438164	1.3944616	1.050439	0.8248544	0.44981578	0.087136455	0.90469086	0.4433237	0.21898302	0.34826687	2.0094633	-1.2475803	-0.071703315	0.06108732	0.1855328	-1.2193202	-1.588752	-0.23062965	-3.048027
42	2.1237385	-0.39772752	-0.16661145	-1.9840615	1.4379728	-0.22233213	1.8004832	-0.7046206	-0.68215346	-0.8853715	-1.086586	-0.29206008	-0.23574366	0.8462693	-1.4116067	1.2275035	-0.5762407	-0.7745121	-2.5254972	2.3810658	0.13327165	0.20963925	0.36440077	1.2536504	1.1532139	1.3583647	-0.09819894	-0.40815115	-0.7389715	2.1783223	-0.033380426	1.505065	1.1542159	0.89137393	0.45611393	0.03550931	0.9813344	0.4749393	0.18704629	0.3614789	2.1756184	-1.3777884	-0.069962144	0.11498894	0.21956234	-1.2669275	-1.6955488	-0.20353223	-3.2825804
43	1.9414773	-0.3901515	-0.14417987	-1.8139535	1.3615328	-0.21348281	1.7365553	-0.5963902	-0.6941738	-0.8224459	-1.0324137	-0.2306012	-0.23389919	0.75820196	-1.2762204	1.1105543	-0.5820088	-0.73111224	-2.3505232	2.2630405	0.120526105	0.16518515	0.29223028	1.1537228	1.1149582	1.287889	-0.08066571	-0.39184746	-0.67731583	1.9778818	0.014605653	1.3743253	1.0573938	0.77933633	0.38749185	0.11535135	0.9251359	0.4022753	0.19616625	0.37331158	2.0027013	-1.2602746	-0.033692133	0.123886526	0.1977021	-1.2424068	-1.547202	-0.22315904	-3.019444
44	2.1238031	-0.43501517	-0.15415233	-1.941664	1.437799	-0.21069305	1.7856815	-0.7200231	-0.67715967	-0.8333774	-1.0876826	-0.26660782	-0.25815552	0.87273073	-1.4084085	1.207348	-0.5824989	-0.7856419	-2.5020158	2.3751554	0.11105305	0.20075302	0.31675944	1.2319689	1.1827924	1.3442507	-0.059240714	-0.39573166	-0.70360005	2.1458764	0.0012725652	1.4957496	1.1301574	0.79541296	0.4581339	0.044957556	0.9740229	0.40655637	0.21562684	0.39471602	2.1389349	-1.3541635	-0.059141207	0.12048258	0.20298018	-1.2480415	-1.6408536	-0.17304175	-3.2543685
45	2.1755812	-0.43727258	-0.16305287	-2.0342162	1.501109	-0.19330709	1.8781452	-0.7088031	-0.7476194	-0.92911494	-1.1388755	-0.26390672	-0.26436305	0.86709684	-1.4545395	1.2442181	-0.6183994	-0.78735006	-2.6024892	2.4565296	0.14121526	0.19916834	0.28165993	1.2588542	1.1962042	1.4206516	-0.08204001	-0.41730738	-0.7498914	2.2216892	-0.0303938	1.5353328	1.1628598	0.8764689	0.4743559	0.09070555	1.0380713	0.4588482	0.21734594	0.3915805	2.2059345	-1.4048338	-0.072022006	0.116307765	0.19986862	-1.3233616	-1.733923	-0.20757622	-3.347116
46	2.1814108	-0.44875875	-0.15717682	-2.0408828	1.5092633	-0.19323215	1.8906902	-0.6790538	-0.7484429	-0.92475104	-1.1610535	-0.2739521	-0.26070884	0.8777759	-1.4337105	1.2631724	-0.62579757	-0.81158596	-2.6210644	2.487936	0.1384051	0.18828106	0.31961665	1.2668636	1.2044945	1.415881	-0.06935753	-0.42303136	-0.7386655	2.2176702	-0.025711626	1.5465322	1.1812778	0.8897676	0.4517192	0.09165208	1.0501195	0.4490513	0.19952483	0.4010889	2.2260506	-1.4290872	-0.04488263	0.12698098	0.2188367	-1.3653492	-1.7309738	-0.22230461	-3.365919
47	2.1198719	-0.4053174	-0.13465865	-1.9941664	1.4780228	-0.2291119	1.8521744	-0.66546947	-0.74585664	-0.9029813	-1.1004473	-0.2628111	-0.25736102	0.84239393	-1.4199512	1.2286355	-0.61943805	-0.7939561	-2.5615017	2.4401011	0.14346053	0.20579912	0.31222722	1.2397475	1.2044947	1.3800819	-0.07477674	-0.41837028	-0.71972185	2.1941154	-0.035512332	1.5011817	1.1407348	0.8727575	0.4502053	0.09429264	0.9957898	0.46909222	0.2193121	0.37730798	2.1778886	-1.3493599	-0.070983574	0.12290624	0.21938288	-1.3259168	-1.6838288	-0.23261759	-3.2757435
48	2.0409565	-0.39937428	-0.1656199	-1.9151112	1.4087389	-0.19770926	1.768277	-0.65409863	-0.6870791	-0.8377394	-1.0586177	-0.22533561	-0.24113084	0.79905105	-1.3630588	1.1713934	-0.58035314	-0.7431832	-2.423216	2.3081677	0.11658264	0.20048031	0.26955527	1.2251916	1.1561987	1.3249363	-0.08971775	-0.41330227	-0.6908127	2.0729604	-0.014337747	1.4422556	1.0690783	0.80601126	0.4436991	0.074019976	0.9298645	0.42483488	0.22227333	0.3604042	2.0890129	-1.3002281	-0.10262337	0.08248091	0.1618323	-1.2484814	-1.6117846	-0.22704019	-3.1059937
49	2.1413476	-0.42867112	-0.16659929	-1.9962701	1.4752094	-0.18567115	1.83842	-0.6725898	-0.72617364	-0.9167507	-1.1116644	-0.26184806	-0.23584804	0.849423	-1.4128485	1.246298	-0.61022294	-0.779309	-2.546016	2.4120924	0.12790887	0.19606169	0.30806223	1.2365081	1.1710218	1.3784636	-0.085267484	-0.4173196	-0.7293049	2.179874	-0.048140388	1.5095296	1.1285324	0.8852054	0.45140475	0.06018441	1.0034918	0.457147	0.20544446	0.36955923	2.1634994	-1.3799102	-0.07606174	0.113490194	0.2027952	-1.3067715	-1.692773	-0.22296251	-3.2651103
50	2.1351604	-0.42328247	-0.16670291	-1.9931424	1.4562025	-0.19084676	1.8357984	-0.65851337	-0.729619	-0.8889065	-1.1269081	-0.24528562	-0.2617767	0.8484207	-1.4007429	1.2254328	-0.61346763	-0.7724954	-2.5572786	2.417139	0.12604724	0.19795716	0.2728888	1.253814	1.194416	1.3697423	-0.064742334	-0.41886732	-0.71865934	2.1519554	-0.010156985	1.5071602	1.128266	0.836396	0.4572159	0.111854814	1.0027013	0.4497441	0.22965609	0.36298925	2.184323	-1.3884866	-0.06018069	0.10915126	0.19039845	-1.3341982	-1.6754007	-0.21199664	-3.2594037
51	2.078247	-0.40216276	-0.16500042	-1.949526	1.4459715	-0.19579369	1.8113884	-0.65846384	-0.73277295	-0.8904127	-1.0879794	-0.25271863	-0.24411848	0.823152	-1.3931214	1.2080953	-0.60920024	-0.76143825	-2.5049002	2.3725924	0.12824264	0.18335037	0.28944036	1.2159662	1.1593353	1.3488544	-0.081321955	-0.39820993	-0.7293347	2.1247513	-0.019067202	1.4759071	1.1178749	0.85659814	0.44728512	0.09588083	0.9833956	0.45501626	0.20774898	0.357583	2.1320307	-1.3399447	-0.06785844	0.10975099	0.20012736	-1.2934129	-1.654329	-0.21924895	-3.2013845
52	2.1656382	-0.40325326	-0.16826506	-2.0354502	1.4868755	-0.20473535	1.854064	-0.67763716	-0.7135853	-0.90109944	-1.126457	-0.28714338	-0.25326386	0.8538355	-1.4117239	1.2548288	-0.6223386	-0.79399014	-2.58125	2.453248	0.12748386	0.21719296	0.32947466	1.2696927	1.1986167	1.3954622	-0.073002845	-0.417203	-0.71772975	2.1945226	-0.03895845	1.523382	1.1515702	0.90269107	0.46503013	0.08433188	1.0118223	0.48048243	0.22531088	0.36820734	2.1955643	-1.3859504	-0.061749842	0.11165157	0.21767452	-1.3271277	-1.7180268	-0.23010564	-3.3213925
53	1.6959289	-0.3148506	-0.14852868	-1.627982	1.1966779	-0.1577701	1.6126982	-0.51385087	-0.7092925	-0.73834157	-0.9024491	-0.122693345	-0.19727041	0.6135087	-1.1604526	0.9557731	-0.5582206	-0.5568712	-2.0458434	2.003947	0.11236856	0.11985896	0.13688837	1.0410638	1.0125417	1.1827966	-0.12190109	-0.39990658	-0.6605994	1.7666968	0.09723802	1.2498218	0.87647605	0.7025481	0.3492838	0.21801464	0.7808582	0.40893197	0.18801428	0.3188675	1.7910196	-1.0740004	-0.06294753	0.07303323	0.09476335	-1.1081321	-1.3623295	-0.24394098	-2.5904846
54	1.7162883	-0.32003835	-0.15225448	-1.654756	1.2197996	-0.2245225	1.6249143	-0.5723023	-0.67513055	-0.72555774	-0.8986274	-0.16383584	-0.22372462	0.6439313	-1.1962515	0.9693194	-0.573115	-0.5828731	-2.081141	2.0482318	0.12522435	0.1551134	0.1924569	1.0559366	1.0782249	1.2267488	-0.1395131	-0.37278205	-0.69086534	1.8037051	0.09067677	1.2645059	0.93458545	0.6877977	0.35803372	0.2055682	0.8089004	0.38501808	0.1868745	0.35429484	1.8315499	-1.06532	-0.07817988	0.08514117	0.08596587	-1.0922385	-1.4090756	-0.22984947	-2.7023396
55	1.5809715	-0.2771275	-0.14530863	-1.5394696	1.1297497	-0.15704009	1.5241128	-0.4817409	-0.6707119	-0.68156713	-0.85696954	-0.120318584	-0.197507	0.5707382	-1.0986239	0.8919193	-0.53234076	-0.5205973	-1.9165674	1.8933574	0.10297952	0.117281765	0.13492729	0.9753446	0.9600487	1.1193	-0.1255485	-0.3697872	-0.6202639	1.6585153	0.093902215	1.1549319	0.81996006	0.649611	0.32896325	0.22693433	0.726407	0.3912132	0.17670633	0.2991072	1.6833293	-0.99992305	-0.05622511	0.07173432	0.08605729	-1.0420606	-1.2744374	-0.24019638	-2.4411628
56	1.5595896	-0.2735864	-0.12275204	-1.5002431	1.0930763	-0.13618095	1.4630129	-0.4849394	-0.62181854	-0.65103436	-0.83244216	-0.114943944	-0.16952002	0.5711876	-1.0517576	0.87437564	-0.4955924	-0.5117515	-1.8595802	1.8243194	0.09619615	0.1332611	0.15337908	0.96301466	0.9134732	1.0644714	-0.09705409	-0.36567637	-0.58022845	1.6084325	0.09094955	1.1400805	0.81733906	0.6621104	0.33107018	0.17473711	0.70084	0.37940425	0.15940146	0.29280695	1.6274717	-0.98201245	-0.03840563	0.045971043	0.09696505	-1.0019327	-1.2556852	-0.21753834	-2.3665586
57	1.7729151	-0.33320498	-0.14123921	-1.6907521	1.2576259	-0.16745773	1.6153885	-0.5463603	-0.6687879	-0.74402636	-0.9455909	-0.16378897	-0.21282072	0.66399676	-1.2032614	1.0120019	-0.5571071	-0.6299443	-2.1275287	2.061237	0.1155296	0.16137058	0.20146206	1.0691376	1.0357602	1.206378	-0.090222135	-0.38479573	-0.63094026	1.8299937	0.035756633	1.2674383	0.93527144	0.7181664	0.37305287	0.15329058	0.8150407	0.38952085	0.18630826	0.34513742	1.8278811	-1.1128643	-0.07319249	0.07477783	0.13145804	-1.1278723	-1.4176643	-0.23310232	-2.7236218
58	1.7575192	-0.32675877	-0.15125328	-1.7132074	1.2505059	-0.17337784	1.658118	-0.5370125	-0.7152199	-0.7513052	-0.9510501	-0.16701674	-0.21922833	0.6603678	-1.2076061	0.99877965	-0.58478767	-0.6074677	-2.127751	2.1059859	0.11389398	0.12658764	0.16965623	1.0894177	1.0625002	1.2280084	-0.11711277	-0.4040681	-0.6660951	1.8397216	0.09217867	1.3042519	0.93333864	0.7364583	0.35130358	0.21368638	0.8162353	0.40217897	0.17228109	0.35148287	1.8630633	-1.1266025	-0.058806363	0.075719565	0.11716023	-1.1531699	-1.4195758	-0.25970277	-2.7188795
59	1.6158311	-0.28055415	-0.15320443	-1.5609118	1.1411705	-0.14742343	1.5499206	-0.47956187	-0.6866607	-0.70310616	-0.8695212	-0.11199475	-0.18387169	0.5727254	-1.1025732	0.9094032	-0.52981365	-0.5250213	-1.9430233	1.9197588	0.08645534	0.09954871	0.13878478	1.0038711	0.96353287	1.1252917	-0.11955549	-0.39955652	-0.6301289	1.6909527	0.10436794	1.1924024	0.82118464	0.669165	0.32842246	0.22070064	0.73085284	0.40245852	0.1834041	0.29942074	1.72483	-1.0315759	-0.05299115	0.072029494	0.09741847	-1.0592443	-1.2898287	-0.24222992	-2.4613457
60	1.7940733	-0.35375178	-0.16293211	-1.7332584	1.2776715	-0.17032903	1.6851411	-0.546719	-0.72069186	-0.77557975	-0.9705315	-0.17496082	-0.2220177	0.6753097	-1.2336888	1.0312953	-0.5930951	-0.6151178	-2.1715422	2.1387982	0.11477106	0.1281329	0.18141451	1.0952532	1.0744843	1.2526987	-0.124332614	-0.4042401	-0.68998665	1.8787806	0.06882317	1.3245202	0.94135576	0.7407039	0.34904954	0.19914916	0.84822613	0.399027	0.1850168	0.35531032	1.9004873	-1.1493887	-0.07657984	0.091045566	0.110264115	-1.1642836	-1.4483272	-0.26146883	-2.7766333
61	1.7191489	-0.3300586	-0.1510912	-1.643577	1.2199683	-0.13966344	1.6142018	-0.5238064	-0.7078668	-0.74606556	-0.92480946	-0.13262631	-0.20443696	0.6322591	-1.1867535	0.9716931	-0.565017	-0.57550824	-2.0695465	2.0178592	0.11381974	0.120588966	0.13637564	1.0392764	1.0092026	1.1953427	-0.10899568	-0.39158732	-0.65901124	1.7934029	0.08186445	1.2577809	0.8866572	0.70139456	0.35625964	0.20167752	0.7951136	0.39757267	0.18675277	0.3281018	1.7973344	-1.0891374	-0.0705664	0.07981122	0.100719474	-1.1068457	-1.3740244	-0.23830616	-2.6281447
62	1.6088617	-0.25812542	-0.13504875	-1.5562238	1.1298807	-0.16241162	1.5089955	-0.5050034	-0.6575531	-0.65747255	-0.8491684	-0.11234393	-0.18927988	0.5778355	-1.1136984	0.89924896	-0.527367	-0.5198514	-1.9166462	1.9033034	0.09345906	0.13527776	0.13568814	1.0013256	0.9711465	1.106304	-0.10483349	-0.3836748	-0.60246706	1.6802227	0.10515505	1.1724411	0.8280545	0.6559641	0.34513897	0.20372514	0.69788134	0.39914516	0.17639357	0.29789615	1.6845247	-0.9841658	-0.05915955	0.048228394	0.093823664	-1.0289454	-1.2780586	-0.23216066	-2.4438787
63	1.6493953	-0.2887972	-0.14408666	-1.5901655	1.1702527	-0.15874173	1.5576819	-0.51791	-0.6718778	-0.69985914	-0.87185866	-0.12115421	-0.18682986	0.596743	-1.1319922	0.9262279	-0.532677	-0.5463327	-1.9759219	1.9358854	0.099137776	0.13400018	0.15265496	1.0152581	0.97976524	1.140593	-0.11401776	-0.3824641	-0.6271909	1.7161102	0.09002161	1.2036263	0.85551983	0.6812483	0.35490134	0.19534911	0.7409125	0.39854527	0.18136561	0.3117811	1.7280087	-1.031793	-0.060738955	0.058811586	0.10093338	-1.0584388	-1.3232055	-0.23129877	-2.5193112
64	1.6320018	-0.3018269	-0.14302672	-1.5817618	1.1571466	-0.16154204	1.5554724	-0.49520972	-0.6628267	-0.6927846	-0.87346303	-0.12127386	-0.18764888	0.59470683	-1.1074661	0.9148844	-0.5407522	-0.54305214	-1.9621686	1.9321979	0.10649599	0.13744152	0.14651942	1.0183516	0.99169725	1.1413543	-0.1176506	-0.38646126	-0.62718445	1.6935943	0.100816935	1.2066952	0.85187554	0.67203116	0.33507633	0.20926128	0.7429378	0.38430506	0.1824178	0.31655377	1.7289847	-1.0312071	-0.06456666	0.06120572	0.085015714	-1.0686417	-1.3193583	-0.24309523	-2.4988348
65	1.740005	-0.32502344	-0.1559121	-1.6595514	1.2201844	-0.14981489	1.6144135	-0.5288216	-0.6859592	-0.7509136	-0.92656153	-0.15144983	-0.2021511	0.6436565	-1.164938	0.9858453	-0.54498875	-0.590138	-2.0895157	2.0228195	0.10030411	0.13036594	0.17533085	1.0534766	1.0089792	1.1859171	-0.10434573	-0.38979703	-0.64432645	1.7923602	0.06252162	1.2606367	0.89347154	0.72167575	0.36783084	0.18105622	0.8053438	0.41015857	0.19870722	0.31213427	1.8203734	-1.1192818	-0.051146664	0.0812927	0.11849895	-1.1194865	-1.386186	-0.23169109	-2.651917
66	1.6101444	-0.28646886	-0.1368581	-1.5565864	1.1431265	-0.15983818	1.5167671	-0.48586154	-0.62857246	-0.66973174	-0.8663426	-0.1408153	-0.18732549	0.58644325	-1.085764	0.9166378	-0.51846254	-0.5497304	-1.9373854	1.903488	0.10333888	0.1441151	0.18734552	1.0002825	0.95621735	1.1112769	-0.10982513	-0.36783057	-0.59562933	1.6607955	0.06869508	1.1648173	0.8466986	0.6740755	0.33226237	0.17858545	0.73531836	0.38707364	0.17688128	0.30286762	1.6935129	-1.014007	-0.055803467	0.062683254	0.10376496	-1.049433	-1.3006247	-0.2420262	-2.4756038
67	1.6975026	-0.31439763	-0.15167607	-1.637379	1.2019951	-0.14799057	1.5992818	-0.5161991	-0.6883441	-0.7188933	-0.9128921	-0.13047734	-0.20295756	0.62260425	-1.1585437	0.9565734	-0.5544486	-0.5672219	-2.037285	1.996902	0.10138808	0.13300693	0.14537743	1.0424495	1.0105298	1.1759843	-0.10971327	-0.3924871	-0.6362426	1.7614492	0.08795476	1.2401834	0.8695083	0.69036084	0.35541558	0.20652275	0.7721835	0.3957878	0.1930776	0.32164875	1.783113	-1.0772556	-0.06332804	0.06795569	0.09652591	-1.099263	-1.3532584	-0.24315053	-2.5895405
68	1.675558	-0.30323216	-0.1529771	-1.6324017	1.1920339	-0.15628527	1.5980848	-0.5185109	-0.6982685	-0.72844386	-0.8984342	-0.13489984	-0.19446251	0.6163896	-1.162483	0.94731706	-0.5540002	-0.55034894	-2.017522	1.988135	0.10562907	0.12307656	0.14387067	1.0343413	1.0052143	1.1729707	-0.13028823	-0.39622137	-0.6611532	1.7648661	0.0947894	1.2478697	0.8688167	0.70234793	0.34498838	0.21472716	0.76812035	0.4094626	0.1797042	0.3184189	1.7850633	-1.063085	-0.07531248	0.07114389	0.09250957	-1.0841534	-1.355892	-0.24822718	-2.5723383
69	1.5943896	-0.27302125	-0.1356368	-1.5497764	1.1364712	-0.1506668	1.5263845	-0.48421168	-0.6712766	-0.6802027	-0.855695	-0.10575556	-0.19367997	0.56787175	-1.102448	0.89626795	-0.5397256	-0.5234907	-1.9251956	1.8927525	0.10781411	0.13164406	0.12389775	0.98711926	0.96951634	1.1243997	-0.108016655	-0.37846142	-0.61162245	1.6687427	0.09957565	1.1687769	0.8273556	0.660763	0.34165144	0.228681	0.7215801	0.39317355	0.18219659	0.30687693	1.6833483	-0.990957	-0.061142754	0.05411465	0.08417098	-1.0447804	-1.2853807	-0.23839548	-2.4421933
70	1.6695664	-0.30432647	-0.1297374	-1.6352038	1.1972848	-0.18032193	1.5590309	-0.5141454	-0.6443912	-0.6932175	-0.9033555	-0.1737977	-0.21017124	0.6400978	-1.1467283	0.95395005	-0.562337	-0.5909644	-2.0214732	1.994715	0.12642641	0.17207195	0.18779711	1.0290382	1.0243137	1.1642675	-0.10691037	-0.365026	-0.6185011	1.7430248	0.06421417	1.225755	0.90462095	0.7039669	0.3383978	0.1904955	0.773295	0.38563433	0.16829845	0.3343098	1.7560474	-1.0419093	-0.07318923	0.069072455	0.10926313	-1.0885452	-1.3650355	-0.25233555	-2.6009417
71	1.6591017	-0.2897744	-0.15518545	-1.5890319	1.1734618	-0.16050752	1.5731086	-0.5172885	-0.6940206	-0.72357327	-0.87455046	-0.122761	-0.19597611	0.5910225	-1.1431485	0.93652046	-0.54849166	-0.54763937	-2.0001771	1.957326	0.09454328	0.11160302	0.14598158	1.0166585	0.9915549	1.1593289	-0.113929294	-0.38519937	-0.64685464	1.7337236	0.09553747	1.2140853	0.8574257	0.68356097	0.35376367	0.21015236	0.7572068	0.39742473	0.18820556	0.31646624	1.7480341	-1.045605	-0.054693315	0.067608126	0.10321253	-1.0649974	-1.3288735	-0.22653618	-2.5425715
72	1.5651584	-0.26802823	-0.14172585	-1.4933039	1.0891064	-0.12844293	1.46362	-0.48258665	-0.6303386	-0.6650529	-0.8190676	-0.10711969	-0.16051446	0.55991066	-1.0503378	0.87953764	-0.49493983	-0.49898162	-1.8544945	1.8078092	0.07939075	0.12582026	0.14200918	0.9577931	0.9076409	1.0586329	-0.10397764	-0.3719267	-0.58989245	1.6119673	0.087638214	1.1437658	0.78738743	0.65831524	0.33563548	0.17905442	0.69275165	0.39228752	0.18204637	0.27739835	1.6295018	-0.9824534	-0.05055794	0.049982607	0.09505623	-0.9882883	-1.2445252	-0.21324573	-2.3496227
73	1.6619713	-0.3054659	-0.14841934	-1.6205548	1.1827991	-0.14429703	1.5671047	-0.51243204	-0.6804463	-0.7006398	-0.88257754	-0.13946281	-0.1987312	0.61314857	-1.1496572	0.9396509	-0.5553222	-0.5472316	-1.9949162	1.9615781	0.106100895	0.13854924	0.1253712	1.0235226	0.99380606	1.152734	-0.114131704	-0.37813565	-0.6269509	1.7393373	0.08489624	1.2280364	0.844467	0.68884057	0.35041592	0.20866592	0.74947715	0.39755976	0.19175442	0.3090668	1.740417	-1.0393971	-0.079041034	0.058785398	0.08873315	-1.0695312	-1.328659	-0.2483471	-2.533842
74	1.6266295	-0.28564525	-0.141161	-1.592142	1.1694508	-0.1768773	1.5451093	-0.5105139	-0.65816975	-0.6819988	-0.8856282	-0.14705357	-0.20090142	0.60706383	-1.1327682	0.926695	-0.54475504	-0.5562343	-1.9697527	1.9565374	0.106527664	0.13385825	0.17890643	1.0126765	0.99912834	1.1442502	-0.11388596	-0.37445357	-0.6332998	1.713465	0.09214489	1.2047931	0.8812528	0.67684275	0.3286038	0.204556	0.7519425	0.38043374	0.15798052	0.33069444	1.7394774	-1.0193578	-0.064044565	0.06890691	0.10081805	-1.0621239	-1.3286862	-0.24345729	-2.5378058
75	1.7412373	-0.32531244	-0.15662645	-1.6319592	1.2045063	-0.14358515	1.567787	-0.5428909	-0.6524399	-0.7213695	-0.90796113	-0.15229651	-0.19926986	0.6470251	-1.1650785	0.9892475	-0.532463	-0.5881477	-2.0679493	1.9877996	0.09518925	0.1435975	0.17908227	1.0434027	0.992091	1.157352	-0.0895123	-0.3703405	-0.6235798	1.7706546	0.050260823	1.2400751	0.8837826	0.69931585	0.37939352	0.14328767	0.7853142	0.39712098	0.20321257	0.29904902	1.7832884	-1.097166	-0.059270952	0.07107104	0.116453916	-1.0857033	-1.3637426	-0.21161243	-2.628551
76	1.6481626	-0.29727605	-0.13554592	-1.5701225	1.1469214	-0.16155021	1.5332557	-0.5165632	-0.65058553	-0.68126804	-0.8665301	-0.13196985	-0.19237888	0.60082865	-1.1205212	0.9267943	-0.5306709	-0.5354833	-1.9665626	1.9340693	0.10393118	0.13755444	0.15927874	1.0088048	0.97732085	1.1308991	-0.105714716	-0.3777145	-0.6202296	1.7067521	0.08817506	1.1982596	0.8538714	0.6679584	0.34206492	0.1844414	0.7441005	0.38923755	0.18221474	0.3095932	1.7169327	-1.0223751	-0.05416574	0.06551187	0.09550221	-1.0441628	-1.3144994	-0.22193186	-2.5137744
77	1.5732546	-0.27666497	-0.13245922	-1.5139861	1.1000654	-0.15108295	1.4800543	-0.48948324	-0.6336937	-0.665009	-0.8266117	-0.12240329	-0.1696744	0.57125545	-1.0611714	0.8828103	-0.50511914	-0.5071094	-1.8769151	1.8487766	0.09128188	0.13124952	0.15124412	0.9712334	0.9293658	1.0748148	-0.109664716	-0.36982954	-0.59578544	1.6293917	0.08869696	1.1534665	0.8116257	0.6622374	0.32692465	0.18042727	0.70523244	0.38527268	0.17117581	0.28921154	1.6454715	-0.9881947	-0.045467485	0.0530702	0.096760966	-1.0070585	-1.2635095	-0.22145152	-2.3873587
78	1.54808	-0.2634958	-0.14747374	-1.4817828	1.0802197	-0.13894509	1.4812527	-0.48028505	-0.6513753	-0.6757525	-0.8229733	-0.10885876	-0.17738351	0.54855543	-1.0516874	0.8591986	-0.4963446	-0.48478827	-1.8541913	1.8158861	0.084272616	0.1031855	0.12798025	0.9466259	0.90954506	1.0780379	-0.12095318	-0.37304467	-0.6129409	1.6132367	0.10148054	1.1328799	0.7805072	0.6416464	0.32872075	0.21524553	0.7067981	0.40180323	0.18958676	0.2760014	1.6421621	-0.9845405	-0.041439567	0.07524501	0.0885254	-0.9897966	-1.240321	-0.212897	-2.3573618
