	0	1	2	3	4	5	6	7	8	9	10	11	12	13	14
0	0.78627324	-3.779017	3.9043548	4.5854473	1.4001862	0.1420106	4.8638797	-6.801946	2.9139502	-1.2568104	1.013544	0.90140927	2.0460112	1.6203535	-2.167504
1	0.77557385	-3.657599	3.74246	4.447563	1.3327845	0.12235908	4.719716	-6.5914483	2.8165793	-1.200692	0.9571614	0.8694246	1.9919078	1.5987682	-2.11424
2	0.78998804	-3.83024	3.8888092	4.6279984	1.3834659	0.11512992	4.892074	-6.841436	2.9508986	-1.2698772	1.0279152	0.89205724	2.083317	1.6616149	-2.1364882
3	0.8341541	-3.8992102	3.982193	4.7575006	1.4118371	0.12613943	5.012009	-6.9995465	3.005835	-1.2829134	1.038439	0.91585386	2.1356394	1.6978703	-2.2385705
4	0.7508163	-3.443613	3.5172906	4.182042	1.2577012	0.12924789	4.406406	-6.1627107	2.662756	-1.1627748	0.92516524	0.8161779	1.8872468	1.5075707	-1.9769553
5	0.8088403	-3.8113577	3.8462718	4.6158323	1.3463637	0.12587221	4.851136	-6.8060265	2.9236689	-1.2528057	0.9936112	0.8827	2.0636368	1.653564	-2.1451387
6	0.8795432	-4.0354247	4.1558523	4.9427714	1.492872	0.13910535	5.2076964	-7.263191	3.1269023	-1.3464992	1.0937498	0.96245784	2.2323349	1.7624235	-2.3482175
7	0.7489106	-3.5830216	3.6516554	4.403701	1.3204228	0.081363395	4.65309	-6.4881296	2.7764533	-1.1380112	0.93544054	0.86993086	1.9805413	1.6062213	-2.0576537
8	0.8289397	-3.8929865	4.0018764	4.7067895	1.446892	0.15001242	5.0178447	-7.0234194	3.009626	-1.3088973	1.0243684	0.94379586	2.119083	1.7073103	-2.2520812
9	0.8522271	-3.9814029	4.0636854	4.8530765	1.4495862	0.12041108	5.142038	-7.153635	3.0796502	-1.3131235	1.0686718	0.9397006	2.1943295	1.7673659	-2.2957017
10	0.8377887	-3.8506148	3.9129436	4.7164564	1.3924482	0.115812205	4.9588485	-6.928158	2.975297	-1.2559345	1.0103359	0.91557145	2.1243095	1.7085655	-2.222816
11	0.7758907	-3.527985	3.5968308	4.310033	1.2806076	0.11778821	4.5471687	-6.3437448	2.7254226	-1.1675761	0.9309186	0.8375475	1.9446359	1.5619211	-2.0549557
12	0.806316	-3.8257504	3.8564148	4.6374826	1.35127	0.10890457	4.8989177	-6.8713717	2.9251275	-1.2411207	0.9701008	0.8884477	2.0751774	1.6534103	-2.1714244
13	0.80101997	-3.6406703	3.722228	4.450187	1.3346065	0.12694885	4.6932435	-6.5619197	2.8160717	-1.2069532	0.9559991	0.87574995	2.006236	1.6091266	-2.1236215
14	0.74041426	-3.4095027	3.4764917	4.1324563	1.249117	0.13356762	4.3218083	-6.061107	2.64494	-1.1679677	0.93931586	0.8061385	1.8689756	1.4859715	-1.91518
15	0.77328026	-3.7705467	3.838982	4.549276	1.3993608	0.11282479	4.8458314	-6.8094845	2.911342	-1.2451968	0.9700548	0.91880214	2.0510573	1.6505264	-2.1242821
16	0.80682904	-3.767838	3.8552282	4.5994263	1.3832585	0.12203422	4.8434997	-6.7793984	2.9107306	-1.2456424	0.9994169	0.89900285	2.0697563	1.6386764	-2.1622121
17	0.85461885	-3.9596717	3.9943073	4.832414	1.4397879	0.10290267	5.072886	-7.1120253	3.0673409	-1.3034809	1.0370903	0.9475711	2.197912	1.761444	-2.2402396
18	0.82602	-3.9288642	4.044589	4.759883	1.4230684	0.1462902	5.0712852	-7.0707946	3.0114813	-1.2989234	1.037637	0.9160772	2.1200538	1.6820574	-2.282241
19	0.7851587	-3.547335	3.6175337	4.318294	1.2759368	0.15087445	4.4934263	-6.2897334	2.746867	-1.2058597	0.98242784	0.826089	1.9386843	1.5504134	-2.012653
20	0.7932942	-3.6674333	3.735478	4.4478793	1.31777	0.13210969	4.6841063	-6.5604115	2.8175466	-1.2297379	0.97075987	0.8523152	1.9988554	1.5735843	-2.0989394
21	0.7663968	-3.6230345	3.6661253	4.4034286	1.3028032	0.105192296	4.643763	-6.5181575	2.7828155	-1.1804681	0.9265517	0.85731906	1.9751216	1.5748253	-2.0585392
22	0.80588466	-3.7779257	3.8732858	4.6253324	1.423776	0.11243512	4.8640122	-6.814573	2.9428914	-1.2537277	1.0148369	0.92766327	2.0986075	1.6699568	-2.1533422
23	0.77495813	-3.5708086	3.6332238	4.308385	1.2835859	0.14708681	4.525168	-6.357925	2.7464724	-1.2177595	0.95344645	0.8312998	1.9347459	1.5291157	-2.0212882
24	0.76895404	-3.67096	3.7738001	4.46938	1.3526748	0.11540432	4.734159	-6.6081266	2.8300557	-1.2138658	0.9824318	0.86819303	2.0083225	1.5785706	-2.106473
25	0.77841276	-3.5921478	3.6532586	4.392489	1.3125597	0.11188138	4.606101	-6.4587784	2.7784328	-1.1832796	0.9434286	0.8617724	1.9802396	1.5787122	-2.054526
26	0.78945464	-3.7775908	3.8467083	4.5987277	1.371082	0.10039356	4.8907475	-6.8320084	2.9020967	-1.2194281	0.9672134	0.89703983	2.064042	1.6492449	-2.1768968
27	0.8574818	-3.9318714	4.055741	4.8136954	1.4300951	0.13903618	5.104942	-7.081995	3.0308454	-1.2977788	1.0593385	0.9194531	2.1603582	1.7180973	-2.3266766
28	0.7462998	-3.5019877	3.5405905	4.250234	1.2496617	0.111600205	4.4575105	-6.2387686	2.698128	-1.161168	0.93686926	0.8121212	1.911587	1.5279617	-1.9656554
29	0.73065263	-3.3720682	3.4578822	4.110184	1.2493021	0.119788796	4.347511	-6.085251	2.608326	-1.1214008	0.8840213	0.81795746	1.8501538	1.4813714	-1.9592389
30	0.7836907	-3.6109724	3.7268515	4.3987565	1.3446676	0.13115557	4.6749454	-6.526048	2.7895312	-1.2117287	0.9560366	0.8689049	1.9849588	1.5676928	-2.1211598
31	0.8381252	-3.8086035	3.8535569	4.6610813	1.3867542	0.11613996	4.87943	-6.8664055	2.9440572	-1.2509637	0.97360796	0.9223142	2.1056805	1.6813309	-2.1855767
32	0.7969718	-3.6920874	3.7672727	4.5212383	1.3451806	0.1016364	4.781586	-6.673226	2.8442564	-1.2029802	0.95784074	0.87716293	2.039576	1.6146268	-2.1515398
33	0.7733514	-3.5599313	3.6587765	4.3282037	1.2696778	0.13831358	4.6020174	-6.3924274	2.7251513	-1.1783049	0.9433982	0.8174004	1.9283303	1.5356525	-2.1024432
34	0.75150836	-3.4026105	3.473132	4.1176076	1.2441075	0.1574403	4.2797904	-6.0113587	2.6466336	-1.1857538	0.95771164	0.8030031	1.8587624	1.4866089	-1.9014387
35	0.841177	-3.7939606	3.888509	4.643966	1.3731611	0.14288156	4.8764143	-6.7955775	2.932063	-1.2658038	1.0277785	0.8894297	2.0879948	1.6640862	-2.212668
36	0.77477103	-3.6005406	3.689287	4.4114504	1.3304355	0.111704186	4.66952	-6.5235643	2.784906	-1.1704706	0.93401414	0.87608486	1.9819694	1.5964981	-2.1030462
37	0.79180586	-3.7288494	3.7960677	4.5535574	1.3435688	0.10395603	4.8209095	-6.733967	2.8626063	-1.2030619	0.9573486	0.87941664	2.040016	1.6240298	-2.1587987
38	0.77946156	-3.735296	3.8259206	4.5065928	1.3552312	0.13554172	4.791105	-6.7071295	2.86353	-1.2454567	0.9814444	0.8736934	2.013979	1.5903851	-2.1341438
39	0.7340995	-3.3955324	3.486106	4.130621	1.2563463	0.13216119	4.333976	-6.0652556	2.6347835	-1.1530391	0.9341681	0.8095347	1.8622422	1.4788034	-1.9324303
40	0.73905045	-3.496525	3.5746264	4.2624626	1.2735621	0.10624743	4.5188646	-6.2973633	2.6952682	-1.1413467	0.92270136	0.82797676	1.9125499	1.5344391	-2.0179749
41	0.7653599	-3.5222118	3.5945194	4.2963896	1.2621375	0.12951392	4.516644	-6.307366	2.7111793	-1.1612012	0.93602616	0.8230543	1.918289	1.5375878	-2.034339
42	0.7725056	-3.784275	3.8646894	4.598871	1.3547834	0.1062169	4.8974447	-6.8396063	2.8873446	-1.2061723	0.96346974	0.88163656	2.0380466	1.6168286	-2.177286
43	0.77304286	-3.4913096	3.576434	4.2531476	1.2623253	0.14212704	4.4567113	-6.197304	2.7069685	-1.1900281	0.9828551	0.80758214	1.9194618	1.5367783	-2.0064523
44	0.8312488	-3.724575	3.7698438	4.6076345	1.3391773	0.10724336	4.802152	-6.711111	2.8871613	-1.1911296	0.9685222	0.8961935	2.070436	1.6881732	-2.1673799
45	0.8220346	-3.836287	3.9222987	4.6723456	1.3861967	0.13767637	4.9163694	-6.8742056	2.9554136	-1.2687902	1.0243361	0.89981335	2.0896323	1.6637877	-2.1989563
46	0.8263277	-3.8568957	3.9617057	4.6939287	1.3990926	0.14116025	4.9739475	-6.921166	2.9734108	-1.2783862	1.0398175	0.90285444	2.1023133	1.6857799	-2.238708
47	0.80797	-3.7755957	3.8582578	4.6002293	1.3701928	0.12547812	4.853533	-6.77513	2.912136	-1.2476512	1.0082285	0.88813907	2.0666656	1.6475058	-2.1689854
48	0.7511757	-3.6257474	3.7078686	4.4140816	1.3146726	0.11074372	4.661546	-6.5112214	2.7883384	-1.1811062	0.9634858	0.8495049	1.9699411	1.562509	-2.060859
49	0.8057051	-3.7640018	3.8621514	4.5897756	1.3853683	0.12539536	4.849985	-6.7837625	2.9041135	-1.2473841	0.9949649	0.8979658	2.064408	1.6294748	-2.1746173
50	0.7942077	-3.8069265	3.8910768	4.626593	1.3911092	0.11812915	4.9115944	-6.852914	2.938004	-1.2452573	1.0074735	0.90565985	2.0756934	1.6749268	-2.177781
51	0.79111457	-3.6676056	3.7550726	4.4674397	1.3377185	0.13198255	4.6997027	-6.5738153	2.830883	-1.224522	0.98410517	0.8656692	2.0070505	1.5892055	-2.1046016
52	0.83703166	-3.8410225	3.9247012	4.6828513	1.3977671	0.13427453	4.941422	-6.903844	2.9658282	-1.2761235	1.0174085	0.91133565	2.1090178	1.6862408	-2.2257977
53	0.67105675	-3.016712	3.1189291	3.5852308	1.1385925	0.19761075	3.7616107	-5.2777047	2.3584366	-1.1197966	0.8851849	0.71322244	1.6223238	1.3285958	-1.6609186
54	0.70347506	-3.129334	3.215189	3.7674434	1.1615378	0.18054724	3.9170609	-5.4951735	2.447822	-1.123657	0.90717745	0.7437717	1.7003046	1.3901407	-1.7439232
55	0.6399963	-2.8539562	2.956304	3.3947175	1.0737765	0.1960995	3.5607305	-4.9866157	2.2301817	-1.0590625	0.8401133	0.6717219	1.5292383	1.2632595	-1.5801301
56	0.61863035	-2.7739503	2.8303378	3.3056154	1.0283656	0.15870932	3.4587882	-4.8612003	2.1653666	-1.0096865	0.7922285	0.6583049	1.5005919	1.2329016	-1.527291
57	0.70634204	-3.1777058	3.2306185	3.8454037	1.1524575	0.1463488	3.9975028	-5.626094	2.4639754	-1.098505	0.8711459	0.7519826	1.7301646	1.3886812	-1.7848701
58	0.72122717	-3.1764047	3.2430756	3.8302076	1.1770465	0.1688866	3.9615655	-5.5753922	2.488655	-1.1451335	0.91862804	0.7585078	1.744283	1.4050322	-1.7625535
59	0.63647604	-2.8685095	2.9826903	3.4149601	1.0899448	0.19281997	3.5800452	-5.0226536	2.2383716	-1.0656525	0.84275305	0.6755034	1.5383831	1.2461487	-1.5817999
60	0.7135029	-3.2392383	3.3312066	3.9101284	1.2084526	0.16516739	4.0784016	-5.7097263	2.5350351	-1.147875	0.9399766	0.7723352	1.7694972	1.4359962	-1.8064482
61	0.6776683	-3.0460455	3.1504464	3.6425598	1.1448013	0.19122724	3.811945	-5.3392053	2.383542	-1.1131473	0.8955767	0.7223124	1.6434824	1.348292	-1.6908162
62	0.6430076	-2.8717916	2.9442701	3.4146025	1.0686966	0.18314607	3.570576	-5.018021	2.242516	-1.0566335	0.82962805	0.6782116	1.543309	1.2762138	-1.5750223
63	0.66090757	-2.9440255	2.9888399	3.5372407	1.0894798	0.15154882	3.6597111	-5.1589193	2.3058126	-1.0602751	0.84417945	0.7036486	1.6122187	1.3088845	-1.6087744
64	0.6487617	-2.9086292	3.02133	3.456594	1.1137375	0.1990278	3.6401298	-5.1222734	2.2702775	-1.0783043	0.83017737	0.7004491	1.5573545	1.277028	-1.61573
65	0.68241894	-3.0824192	3.1678894	3.7076967	1.1502703	0.16531008	3.8622267	-5.4192057	2.4113355	-1.1067625	0.8966045	0.73408085	1.6798867	1.3556854	-1.7116349
66	0.64818865	-2.877559	2.9285774	3.477402	1.0814921	0.1418162	3.5975394	-5.0722375	2.2638485	-1.0259255	0.8196767	0.70640016	1.5871695	1.2972032	-1.5881376
67	0.6698832	-3.023571	3.1116366	3.6223204	1.1323307	0.1756306	3.7784135	-5.3026247	2.3658307	-1.0970007	0.8827486	0.71863496	1.6387304	1.3347809	-1.66817
68	0.67124325	-2.996428	3.1153395	3.5773234	1.1382576	0.19895516	3.750678	-5.2638583	2.3409998	-1.1074973	0.87432224	0.71352345	1.6133107	1.3087143	-1.6728033
69	0.6385236	-2.8537328	2.9639623	3.4058805	1.0816184	0.19362949	3.5677483	-4.990151	2.2364168	-1.0552644	0.84851736	0.6763452	1.5347127	1.2702111	-1.5814458
70	0.6827636	-3.0165174	3.0689192	3.6574042	1.1095785	0.1451919	3.780702	-5.310757	2.3615925	-1.0627713	0.86059433	0.72158563	1.6609428	1.3485124	-1.6828042
71	0.6599637	-2.9502254	3.0630453	3.5150266	1.1301227	0.19472064	3.6908658	-5.1776457	2.3142633	-1.0977336	0.8677287	0.70940125	1.5943087	1.3069159	-1.6366434
72	0.60513	-2.7380564	2.8115907	3.267789	1.0319009	0.16139531	3.4189458	-4.808794	2.1404338	-0.99643975	0.7839644	0.6566794	1.4784056	1.213697	-1.5026239
73	0.66406935	-2.940451	3.0576088	3.5236816	1.1202564	0.1929155	3.682776	-5.16482	2.3041394	-1.0851562	0.865077	0.7045239	1.5921855	1.2941371	-1.6462443
74	0.66248924	-2.9530451	2.9983468	3.5494947	1.0919777	0.15418619	3.6731265	-5.186464	2.3098893	-1.0573331	0.8354446	0.70999366	1.6116234	1.3111784	-1.6189611
75	0.68355894	-3.068289	3.1236532	3.7007573	1.1190765	0.15130916	3.8430338	-5.414966	2.3831522	-1.0772772	0.8524669	0.72701895	1.6680169	1.3368315	-1.7127213
76	0.6544538	-2.9349973	2.9990916	3.5188425	1.0896245	0.16159196	3.6601312	-5.142348	2.2964075	-1.0604527	0.8495614	0.696991	1.5969226	1.3033385	-1.6132561
77	0.6149453	-2.7892156	2.8440323	3.3349898	1.0337692	0.14989968	3.4782395	-4.8907895	2.177466	-1.004234	0.7975562	0.66196066	1.5114186	1.2348256	-1.5262047
78	0.6045343	-2.7289221	2.8655624	3.215167	1.0405867	0.2181123	3.4089622	-4.763689	2.122328	-1.0337328	0.8078831	0.63376385	1.4340066	1.1871357	-1.5142069
