	0	1	2	3	4	5	6	7	8	9	10	11	12	13	14	15	16	17	18	19	20	21	22	23	24	25	26	27	28	29	30	31	32	33	34	35	36	37	38	39	40	41	42	43	44	45	46	47	48	49
0	-0.39697745	0.64214957	-1.6317434	0.72548497	0.78510827	-0.7634329	-1.2163795	1.8193936	1.1585411	-0.486213	-1.1378157	0.7084181	-1.7207997	0.6603086	-0.32130188	0.36128917	1.5697725	-1.2137063	2.9805775	3.4171386	0.9347725	0.3794464	0.8652845	0.9220808	-1.2589983	1.4518372	2.253623	0.24697328	-1.1976357	0.8843794	2.1528583	-1.5042696	-1.1239259	-1.2987027	-1.142297	-0.7572101	-0.9351089	-0.83693475	-1.1630543	3.082724	1.0032194	0.43955514	1.5564231	1.1874712	-0.58801603	-0.06692768	0.9714782	0.85491484	0.20675588	1.9723198
1	-0.39619136	0.57762754	-1.5540432	0.7015919	0.76241225	-0.7345065	-1.1929559	1.749319	1.1095903	-0.47771472	-1.0981077	0.7047447	-1.6554044	0.6435274	-0.3251037	0.35081333	1.5191016	-1.1950413	2.8643632	3.282699	0.90873927	0.35011286	0.85128355	0.9024148	-1.2156612	1.4188048	2.1641784	0.2295936	-1.1301769	0.8481036	2.0700898	-1.4389291	-1.075286	-1.2411133	-1.1427792	-0.7236174	-0.8933838	-0.8194441	-1.1183491	2.9517574	0.99295664	0.4167696	1.5115339	1.1535053	-0.5728884	-0.070071734	0.9512938	0.835727	0.21647382	1.8877722
2	-0.37882388	0.6312625	-1.6198314	0.7302191	0.7980895	-0.73461765	-1.2357552	1.847226	1.1782379	-0.49213102	-1.1449966	0.69446164	-1.7362857	0.64187205	-0.34082448	0.3508282	1.5865331	-1.2510958	2.9920864	3.4067073	0.91963494	0.39777794	0.91865665	0.94690585	-1.2765751	1.4682306	2.2654877	0.24447137	-1.2118841	0.8757831	2.194804	-1.530063	-1.1440125	-1.2864085	-1.1648593	-0.73429567	-0.9321283	-0.86690754	-1.1656342	3.0770454	1.014085	0.4238418	1.5471914	1.1850333	-0.5938443	-0.07475895	0.9726126	0.8775144	0.20823765	1.9965427
3	-0.41541404	0.62832725	-1.6719925	0.7615254	0.81386185	-0.75943947	-1.2706544	1.8795309	1.182646	-0.5376142	-1.165891	0.7301688	-1.7739266	0.6726422	-0.3542238	0.3508298	1.6222876	-1.2697338	3.0593874	3.4963682	0.9768485	0.3753488	0.939804	0.9696343	-1.3121878	1.4996262	2.3216884	0.23840936	-1.2077459	0.8873114	2.2213275	-1.5615991	-1.1434776	-1.3441995	-1.2029284	-0.7618064	-0.9671144	-0.8942998	-1.201664	3.1729414	1.054784	0.4432471	1.6099807	1.209175	-0.6293798	-0.096339926	1.0093381	0.8831826	0.23614714	2.0356104
4	-0.36753106	0.5616685	-1.4760664	0.6633907	0.71048063	-0.6975816	-1.0997306	1.6539667	1.0464386	-0.44681898	-1.0539484	0.6486541	-1.5684547	0.6066054	-0.2878536	0.3306344	1.4284356	-1.1167017	2.7020075	3.108523	0.863889	0.3362848	0.81648093	0.8487401	-1.1571376	1.3216351	2.0611062	0.22936225	-1.0819367	0.79093915	1.948729	-1.3751701	-1.0101836	-1.184058	-1.0690372	-0.6792959	-0.84378594	-0.77575594	-1.0673218	2.8076935	0.91048187	0.40105307	1.4345615	1.0830542	-0.55105007	-0.07871846	0.90496206	0.7813218	0.19345409	1.776321
5	-0.39896935	0.6267574	-1.6278261	0.7195286	0.78039366	-0.7722016	-1.2292286	1.8384973	1.1503799	-0.5129299	-1.1210445	0.70164824	-1.7529438	0.6893639	-0.34625673	0.35782227	1.5899259	-1.2238305	2.9959295	3.4372787	0.9590179	0.35533962	0.88296545	0.90797955	-1.2729042	1.4782672	2.240986	0.26746193	-1.2012019	0.8815808	2.149539	-1.4888288	-1.1257377	-1.3185451	-1.1710427	-0.7349311	-0.9293016	-0.8482406	-1.1589149	3.0622108	1.0270369	0.45558512	1.5522655	1.1940259	-0.6061488	-0.0906319	0.98672485	0.8177874	0.22880208	1.9773632
6	-0.43810025	0.66957045	-1.7660383	0.79723084	0.85745555	-0.78844905	-1.3193539	1.9718105	1.2436244	-0.54914063	-1.2150652	0.8068063	-1.8462048	0.7093904	-0.37066904	0.3876766	1.6922263	-1.3222326	3.1795328	3.6347723	1.0161496	0.37854788	0.93895483	1.0374848	-1.3191394	1.5487512	2.4192843	0.24687347	-1.2348483	0.9410032	2.3024576	-1.6289536	-1.1846861	-1.3998002	-1.2351887	-0.81740475	-1.0024321	-0.91140807	-1.2635634	3.3436086	1.0873193	0.4140653	1.6970518	1.2700665	-0.6337396	-0.07235774	1.0455856	0.9176565	0.25008637	2.1127498
7	-0.34262767	0.5922352	-1.5891134	0.6808288	0.7397318	-0.69434595	-1.1463754	1.7886316	1.092696	-0.47643667	-1.0754434	0.6682574	-1.6559563	0.58626044	-0.31871733	0.3648623	1.5575428	-1.2069058	2.8688986	3.238862	0.91267884	0.35169378	0.87271494	0.88266796	-1.1883434	1.3717625	2.151707	0.19792081	-1.0881929	0.85833573	2.0633824	-1.3826544	-1.0714664	-1.2560734	-1.1314362	-0.6984376	-0.8821191	-0.82098716	-1.0878934	2.949562	0.9677254	0.37435925	1.4922236	1.132504	-0.60347694	-0.08192142	0.9748093	0.83910197	0.18599099	1.8696926
8	-0.41460475	0.63264745	-1.6408296	0.75111574	0.8139002	-0.77264553	-1.2340311	1.8588885	1.1711142	-0.498068	-1.1825787	0.74755704	-1.7637076	0.68943036	-0.33813655	0.3879333	1.6137604	-1.2558813	3.0281782	3.4631116	0.95748174	0.37523514	0.9227842	0.96121067	-1.2743267	1.496609	2.302603	0.25063726	-1.2015332	0.89477634	2.1817586	-1.5366259	-1.127562	-1.3084153	-1.2065595	-0.7604386	-0.93499935	-0.8798557	-1.1982099	3.1502047	1.0324935	0.41697514	1.6170713	1.2280533	-0.61823374	-0.07684295	0.9959769	0.8771779	0.2292198	1.9972398
9	-0.42839932	0.64851797	-1.6923677	0.7700637	0.82154095	-0.7722577	-1.2577335	1.897724	1.1911945	-0.53199255	-1.172555	0.74783367	-1.8046659	0.6927774	-0.35025853	0.35534588	1.61817	-1.2795923	3.0753844	3.505686	0.9707947	0.36279532	0.94960856	0.97695804	-1.3127342	1.5021557	2.3370137	0.26772323	-1.2336841	0.8918318	2.2227032	-1.5620468	-1.1513537	-1.3564982	-1.2119247	-0.7581628	-0.96066946	-0.89355487	-1.2256037	3.1927357	1.0419706	0.41847387	1.6261562	1.2118554	-0.61714387	-0.100417495	1.0175594	0.8561816	0.23747659	2.0358098
10	-0.42495495	0.614146	-1.6733447	0.72621566	0.7987552	-0.7941294	-1.2619427	1.861429	1.1761585	-0.49928164	-1.1470618	0.75424945	-1.767314	0.69225615	-0.3512703	0.37439236	1.6172565	-1.2290866	3.0208082	3.4748132	0.9918975	0.36065382	0.86363274	0.9378565	-1.2550087	1.5009477	2.2761188	0.25157136	-1.1803586	0.91761065	2.1541333	-1.5193887	-1.1316601	-1.3344436	-1.2073886	-0.77532136	-0.93096	-0.83808666	-1.1950319	3.143103	1.048236	0.4341337	1.6138109	1.225772	-0.6022143	-0.07147396	1.0192674	0.84327865	0.25053078	1.9849831
11	-0.38787752	0.5771572	-1.5246117	0.68154633	0.7416567	-0.71817106	-1.1351643	1.6822376	1.057951	-0.45784745	-1.0672282	0.68935674	-1.5941921	0.6245327	-0.30650067	0.35653743	1.4737326	-1.1413722	2.7730577	3.1782908	0.88344693	0.3520069	0.80299777	0.8687	-1.1517133	1.3674798	2.100903	0.21598558	-1.0916913	0.8294566	1.9755522	-1.3852723	-1.0267516	-1.2020758	-1.1011829	-0.72251743	-0.8619287	-0.7798144	-1.0832087	2.8787363	0.9598623	0.3845801	1.4826705	1.1232115	-0.558705	-0.048663463	0.9233806	0.8157154	0.19697198	1.8224701
12	-0.38849598	0.5646058	-1.6080265	0.72206193	0.8184025	-0.7644095	-1.2489908	1.8344345	1.1599365	-0.50494826	-1.0964092	0.7470928	-1.719616	0.670057	-0.37990418	0.3481882	1.6054403	-1.240198	2.9801664	3.3729687	0.9359384	0.34757742	0.8736354	0.93858016	-1.2334793	1.5013713	2.2329829	0.25275442	-1.1371905	0.88398325	2.1280754	-1.4695174	-1.121031	-1.285282	-1.2003793	-0.7487845	-0.8710225	-0.8545691	-1.1621976	3.0355377	1.0552472	0.41235772	1.5612175	1.2109224	-0.58129025	-0.06851531	0.979484	0.8643839	0.2571392	1.9386773
13	-0.3937626	0.5888867	-1.5881871	0.6914121	0.7725668	-0.76102686	-1.1801152	1.7563634	1.0988952	-0.47934863	-1.0871595	0.719182	-1.6547743	0.6606167	-0.32220483	0.3357276	1.5125376	-1.1693482	2.8708658	3.3090177	0.938603	0.33235756	0.7999892	0.8936701	-1.1935966	1.42148	2.164122	0.22207546	-1.1089423	0.8446732	2.0431967	-1.4185729	-1.0680771	-1.2553958	-1.1313478	-0.76043	-0.8929397	-0.7920921	-1.1331174	2.9827564	0.98212725	0.43131027	1.5164149	1.151625	-0.58473563	-0.07007931	0.9671271	0.815604	0.21719506	1.8668146
14	-0.32596964	0.55878687	-1.4425489	0.65393716	0.7228556	-0.6493027	-1.1277108	1.6501076	1.0582297	-0.46702743	-1.0138406	0.6427979	-1.579154	0.58670247	-0.32953745	0.3031818	1.4286666	-1.1337976	2.6550727	3.0364459	0.8343521	0.3403135	0.84564173	0.86133254	-1.1365209	1.342144	2.0328732	0.23699619	-1.090743	0.76830125	1.9416667	-1.3679558	-1.0167401	-1.1504625	-1.0562034	-0.64465696	-0.8095085	-0.784002	-1.0456141	2.7511752	0.9246164	0.364888	1.394339	1.0413585	-0.5360352	-0.0697277	0.8813843	0.76097196	0.22245646	1.774419
15	-0.39256826	0.6110636	-1.6186364	0.7146628	0.79647106	-0.75979346	-1.2154543	1.809859	1.1415117	-0.51007056	-1.1337124	0.71716183	-1.6889995	0.677964	-0.35071743	0.38398442	1.5932515	-1.2550597	2.9739141	3.3865669	0.92529476	0.35752785	0.89067507	0.9456255	-1.2710958	1.4467602	2.260095	0.2433356	-1.1596221	0.8631588	2.1456616	-1.4726474	-1.1099212	-1.3153903	-1.2036273	-0.71395147	-0.907902	-0.8654791	-1.1120592	3.0395026	1.0231401	0.41594267	1.5563177	1.2171974	-0.60433114	-0.079131566	0.96085656	0.8780132	0.23086312	1.930973
16	-0.39984748	0.60242105	-1.597588	0.73625296	0.79220873	-0.7377096	-1.2094164	1.8114121	1.1377147	-0.5001152	-1.1448292	0.7066193	-1.705552	0.6537942	-0.32802573	0.34593666	1.5546533	-1.2290168	2.9369862	3.363386	0.93178743	0.36652073	0.9066537	0.9392726	-1.2560995	1.4412829	2.242855	0.22725555	-1.161931	0.8505787	2.1339233	-1.5138323	-1.0945705	-1.2726415	-1.1650875	-0.74301946	-0.9222516	-0.86813474	-1.1673619	3.0595992	1.0061575	0.41900122	1.558242	1.1690485	-0.6050554	-0.08742427	0.9787167	0.86412215	0.21418568	1.9494113
17	-0.45144585	0.6642436	-1.7619759	0.7612753	0.8119378	-0.8064024	-1.3024575	1.9673928	1.2063473	-0.5586871	-1.1839368	0.75373274	-1.8263593	0.7290787	-0.35794687	0.3951355	1.6972309	-1.2558008	3.1735997	3.6414206	1.0559282	0.36484262	0.88940006	0.96725506	-1.318341	1.5177867	2.3643851	0.23239763	-1.1960039	0.9463336	2.269152	-1.5965636	-1.1589924	-1.4272797	-1.2175452	-0.8001257	-1.0193522	-0.88883704	-1.2123332	3.294053	1.0777329	0.46913594	1.6592278	1.2802721	-0.6582732	-0.09766515	1.040812	0.877945	0.2504684	2.101392
18	-0.4321641	0.66600776	-1.7229313	0.7759237	0.8232005	-0.7878483	-1.254197	1.8912596	1.1816057	-0.53055114	-1.1701897	0.7673988	-1.7899579	0.6925061	-0.35409155	0.37549907	1.6448185	-1.2539823	3.0928571	3.53907	0.98605686	0.37336466	0.8992848	0.9699729	-1.2816875	1.5024165	2.3463845	0.25235048	-1.2225652	0.9103406	2.21335	-1.5447575	-1.1496785	-1.3694596	-1.1896788	-0.7944119	-0.9693702	-0.8665347	-1.2158729	3.2270327	1.0470347	0.42207575	1.6492285	1.2343954	-0.6220702	-0.06744269	1.0144402	0.87296873	0.23794934	2.041008
19	-0.31143442	0.5938103	-1.4846935	0.65351164	0.73427755	-0.6807347	-1.1509188	1.7116959	1.1049389	-0.45111838	-1.0733052	0.6307501	-1.6264527	0.5978278	-0.31764662	0.32809457	1.4792063	-1.1850576	2.756883	3.1684225	0.8515233	0.37524393	0.87168086	0.8870702	-1.1913433	1.3875878	2.1059368	0.23927762	-1.1529102	0.8045567	2.0262027	-1.4222584	-1.059962	-1.1787992	-1.0881783	-0.6646102	-0.8590659	-0.8106001	-1.0644774	2.8402731	0.94584906	0.39753675	1.4299359	1.0840958	-0.55032456	-0.06796346	0.91775614	0.8085256	0.1915142	1.8391639
20	-0.36102006	0.6073821	-1.5730789	0.7172761	0.77309644	-0.71216935	-1.1771647	1.7580565	1.1154218	-0.4996204	-1.1050273	0.69073725	-1.6697942	0.63587165	-0.325847	0.33785266	1.5325863	-1.2079662	2.8799298	3.2945542	0.8992763	0.36229357	0.8994179	0.92550474	-1.2351538	1.4258138	2.2018147	0.24774396	-1.1592306	0.8219416	2.0877345	-1.4563825	-1.0724356	-1.2544715	-1.1259531	-0.71545976	-0.900913	-0.8415975	-1.1225126	2.9823837	0.9790258	0.40433878	1.521546	1.1464933	-0.59587574	-0.07562968	0.94774044	0.8473461	0.20732898	1.9018118
21	-0.36567625	0.5870117	-1.5485578	0.7035203	0.75739914	-0.7166454	-1.1629217	1.7415062	1.1016077	-0.47894993	-1.0931784	0.689499	-1.6530305	0.6289635	-0.3142734	0.334052	1.5067424	-1.1936888	2.8375616	3.2554984	0.8932636	0.35073844	0.8696727	0.90489113	-1.2085944	1.4040715	2.1645653	0.23977338	-1.1384825	0.8194935	2.0524068	-1.431017	-1.0623468	-1.227821	-1.1156348	-0.7163393	-0.8826963	-0.8206466	-1.1144886	2.9376192	0.9643734	0.4058348	1.4989352	1.1250484	-0.57652193	-0.07320378	0.95415473	0.8327202	0.19962549	1.8659043
22	-0.39224994	0.62625986	-1.6338116	0.7273297	0.81012917	-0.7464957	-1.257908	1.8798007	1.1870929	-0.47510073	-1.1557063	0.72893494	-1.7706122	0.65157366	-0.31190667	0.34535986	1.574499	-1.2454805	2.9868286	3.4398057	0.96872723	0.34796	0.8819215	0.93565476	-1.2733421	1.4687366	2.2580502	0.22338879	-1.1541796	0.91118205	2.2073445	-1.5354092	-1.1448933	-1.295227	-1.1755213	-0.78117603	-0.9433848	-0.8550421	-1.249423	3.1425288	1.00498	0.4327572	1.5681663	1.1968747	-0.62579024	-0.09349714	1.0069036	0.82618666	0.20738739	2.0029876
23	-0.3372458	0.5985414	-1.541949	0.69672555	0.74152356	-0.66672635	-1.1467725	1.7090688	1.0957191	-0.48835465	-1.0523316	0.6599407	-1.6176751	0.5883527	-0.3215727	0.31251138	1.4723426	-1.1745671	2.7795885	3.1684587	0.861389	0.35083	0.8675375	0.89687335	-1.1932204	1.352177	2.1300411	0.23941408	-1.1284418	0.7953596	2.0398047	-1.4125185	-1.0544056	-1.2242168	-1.0652579	-0.68104607	-0.87346005	-0.80611664	-1.0865577	2.8902774	0.9390186	0.38175583	1.4501171	1.0866915	-0.5624251	-0.0725157	0.9102763	0.80811393	0.20122606	1.8488171
24	-0.37016183	0.59906363	-1.5692096	0.71904284	0.7676595	-0.7194588	-1.1826317	1.7626287	1.1215181	-0.48523837	-1.1151339	0.6965625	-1.6802882	0.62949747	-0.31949985	0.34609506	1.5331084	-1.2174165	2.8736567	3.2998555	0.90232015	0.36527607	0.8954456	0.921155	-1.2291121	1.4210818	2.2034032	0.24309745	-1.1596876	0.8383515	2.0855186	-1.4643743	-1.0807493	-1.248688	-1.1341002	-0.72391075	-0.8933614	-0.841562	-1.1343058	2.989903	0.98143154	0.40328503	1.5322473	1.1390537	-0.5876087	-0.068723746	0.9681542	0.84745383	0.20272934	1.9022219
25	-0.36707574	0.61093444	-1.5331144	0.69285923	0.75735956	-0.7032667	-1.1605443	1.7347133	1.1064454	-0.45842603	-1.0905418	0.6486543	-1.6424948	0.6079842	-0.31760663	0.31478736	1.4855357	-1.171602	2.833473	3.2444973	0.8756434	0.36872584	0.8666555	0.8905508	-1.2290493	1.3960319	2.1411893	0.22649087	-1.1590306	0.82369703	2.09001	-1.4492594	-1.0839393	-1.2273657	-1.0966259	-0.7037058	-0.9107159	-0.81753963	-1.1282564	2.9271739	0.9510373	0.4211175	1.4702435	1.1243042	-0.576438	-0.0847413	0.91236675	0.80001897	0.19455802	1.9016827
26	-0.41192526	0.59640926	-1.632777	0.72879124	0.8038982	-0.763665	-1.2317274	1.8546317	1.1551273	-0.49372047	-1.1155908	0.7457795	-1.7324312	0.65541196	-0.3624408	0.35816982	1.6114877	-1.2272351	3.025359	3.413868	0.9487463	0.36758623	0.878094	0.9324601	-1.2399868	1.4963037	2.2333086	0.23592232	-1.1571401	0.9021654	2.1637824	-1.4663761	-1.1426597	-1.2982409	-1.1799072	-0.76432455	-0.917026	-0.8404412	-1.177952	3.076032	1.0326104	0.42414418	1.5727837	1.2086416	-0.5940426	-0.07332419	0.9815653	0.86883956	0.23602617	1.9822172
27	-0.4205255	0.62436926	-1.6781063	0.75482905	0.8373293	-0.7863599	-1.2720313	1.8861182	1.1888788	-0.51147795	-1.1757338	0.74262345	-1.787644	0.6950356	-0.3489349	0.3635303	1.6376151	-1.2804178	3.0987828	3.5185578	0.9652561	0.36884615	0.93922126	0.96541256	-1.3314934	1.5377847	2.3280268	0.25533122	-1.2120813	0.9116518	2.2369297	-1.5506607	-1.1483265	-1.3445908	-1.2420607	-0.77193666	-0.96164995	-0.8968948	-1.2263389	3.1739588	1.0692021	0.43680453	1.6247644	1.2638856	-0.6300886	-0.098488	1.007124	0.88330877	0.22674844	2.0416248
28	-0.29363218	0.55450314	-1.4569737	0.64681286	0.72963077	-0.68305445	-1.1233096	1.6742007	1.0865494	-0.43609643	-1.0893824	0.6460781	-1.6086448	0.5983931	-0.30583218	0.3412326	1.4854554	-1.1858604	2.7268603	3.148238	0.85222936	0.37062705	0.8997049	0.896015	-1.1902156	1.4059553	2.1015425	0.25961453	-1.1281958	0.78882104	1.9873507	-1.3979762	-1.0335644	-1.1640813	-1.1154459	-0.66190314	-0.8277027	-0.80925333	-1.0691084	2.816912	0.9308564	0.39594063	1.4573867	1.1072112	-0.5755295	-0.07125471	0.9292793	0.8294518	0.18820965	1.7897049
29	-0.31438094	0.54668015	-1.4490955	0.61735445	0.720027	-0.6508011	-1.106889	1.6661726	1.0461082	-0.43232545	-1.0322951	0.6176393	-1.5520926	0.5669592	-0.2986337	0.35921445	1.4542522	-1.1438118	2.6678445	3.0146387	0.83511966	0.35768053	0.82920265	0.83798563	-1.130462	1.3109546	2.0223663	0.20723043	-1.0316621	0.8213347	1.9323334	-1.3569362	-1.0076168	-1.1537592	-1.0993435	-0.6480253	-0.7893777	-0.78613704	-1.0429693	2.7447126	0.93304765	0.34148937	1.3956164	1.0874449	-0.5515712	-0.07161706	0.88831484	0.7978785	0.17811692	1.7677102
30	-0.41651595	0.59379077	-1.5807607	0.7209432	0.76953256	-0.7170362	-1.1834064	1.7521956	1.102894	-0.48885286	-1.0895267	0.71400446	-1.6642275	0.6388324	-0.32214916	0.34055924	1.5027314	-1.170633	2.8612356	3.2513099	0.91234595	0.34105402	0.8503065	0.8981319	-1.2019289	1.3906989	2.1618366	0.21864134	-1.1116674	0.85007447	2.0610597	-1.4592576	-1.0586147	-1.2520863	-1.1191697	-0.7357363	-0.89491713	-0.82264733	-1.148916	2.9919434	0.9844691	0.38779187	1.5159867	1.140004	-0.57570666	-0.08080699	0.9367884	0.8102942	0.22182003	1.9052131
31	-0.40654266	0.63560104	-1.6356083	0.7243335	0.79315263	-0.7730777	-1.228302	1.8539735	1.161419	-0.49342752	-1.1672262	0.7238904	-1.738125	0.6781085	-0.3447001	0.37369773	1.609509	-1.2405106	3.0039704	3.4647298	0.9589471	0.3861801	0.89458066	0.9565606	-1.2634667	1.4890032	2.2760284	0.24363405	-1.2104815	0.8781052	2.1760945	-1.5116448	-1.1374528	-1.3081089	-1.1898052	-0.7494206	-0.9522971	-0.8477229	-1.1594278	3.1031313	1.0126176	0.435094	1.5941887	1.2095999	-0.60899794	-0.06912484	0.99724543	0.8702881	0.22774112	1.980886
32	-0.39784682	0.600568	-1.5579603	0.70163214	0.76421255	-0.7427472	-1.1972699	1.7547252	1.1145366	-0.46993053	-1.1377357	0.7029697	-1.6765848	0.6475204	-0.3134045	0.35872847	1.523314	-1.1892215	2.8583596	3.3049572	0.92990017	0.368234	0.867089	0.907843	-1.2168502	1.4304609	2.191467	0.21635275	-1.1568327	0.8494757	2.0652914	-1.4749771	-1.0693904	-1.2320436	-1.1542373	-0.73119974	-0.9054582	-0.8243868	-1.1344389	2.9983602	0.9943603	0.4202385	1.5344081	1.1470379	-0.58593756	-0.07279944	0.96730214	0.8357804	0.22017047	1.896208
33	-0.3576332	0.57895195	-1.5035554	0.7112144	0.7786412	-0.69164115	-1.151047	1.7164472	1.0767597	-0.48163825	-1.0846477	0.70596486	-1.6213677	0.6084791	-0.34417805	0.30412605	1.4962481	-1.1687491	2.7940927	3.2034726	0.88057405	0.34335047	0.87674856	0.9146345	-1.1833271	1.4166179	2.1350386	0.21560888	-1.1170763	0.78140646	2.051111	-1.3949971	-1.0634091	-1.1911532	-1.0928721	-0.71329087	-0.87534386	-0.8108145	-1.1236622	2.9064722	0.9479066	0.4048163	1.4878389	1.1079078	-0.5917448	-0.07635418	0.90999365	0.821217	0.23527282	1.8511508
34	-0.29617074	0.56340855	-1.437204	0.64255404	0.710569	-0.6404576	-1.1048247	1.6423136	1.058877	-0.4616043	-1.0155828	0.6035386	-1.5624318	0.5689556	-0.32384843	0.30231732	1.4234024	-1.1474242	2.6428645	3.0285382	0.81683004	0.34992206	0.85865706	0.85959435	-1.1551253	1.3172337	2.036987	0.24782094	-1.1035234	0.7575215	1.9478276	-1.3693386	-1.0219923	-1.1610978	-1.0500495	-0.62174755	-0.8065891	-0.7913163	-1.0300745	2.7291412	0.90941155	0.37291306	1.3777103	1.0351878	-0.53784144	-0.07638549	0.8767713	0.76376295	0.2005783	1.7641748
35	-0.41947848	0.63787603	-1.6753535	0.7543844	0.8192202	-0.7671125	-1.2429799	1.857319	1.1634179	-0.5172998	-1.1404871	0.77228	-1.7573894	0.68562126	-0.356514	0.35323924	1.6037633	-1.2212343	3.0135014	3.4589705	0.9782657	0.35891548	0.87027353	0.96578526	-1.2344358	1.4974848	2.283037	0.24277557	-1.1788934	0.885193	2.1576314	-1.5195339	-1.1207948	-1.3205559	-1.1688038	-0.79362565	-0.9434312	-0.8410535	-1.2092351	3.1664922	1.0265979	0.4073259	1.6164331	1.2081587	-0.6126707	-0.0622872	0.99633795	0.847321	0.24696565	1.991944
36	-0.3877621	0.57217294	-1.5563955	0.70082515	0.748661	-0.71243405	-1.1742653	1.7560467	1.1044763	-0.46984503	-1.0763812	0.66739804	-1.6444687	0.6149329	-0.311746	0.3359007	1.4974157	-1.163233	2.8409243	3.2361658	0.90743196	0.3460289	0.8429955	0.8716402	-1.2044674	1.3764517	2.1368616	0.22560008	-1.1059238	0.8524382	2.0646458	-1.4361274	-1.0677583	-1.2403809	-1.1181748	-0.7122671	-0.89076203	-0.8109284	-1.1342716	2.9371457	0.9752906	0.41109803	1.4862219	1.1457669	-0.5742461	-0.08338037	0.9421135	0.80906063	0.20352578	1.8852001
37	-0.3993219	0.6004324	-1.5875213	0.73189455	0.76315916	-0.74627006	-1.1829782	1.7953221	1.1372277	-0.47489217	-1.1370982	0.6881997	-1.6883793	0.6458434	-0.3123707	0.35482955	1.5475374	-1.2080008	2.9437432	3.371647	0.9186986	0.37696335	0.8944592	0.92087686	-1.2572412	1.4323202	2.2237628	0.2479659	-1.1794387	0.85309947	2.1389272	-1.4857373	-1.1038252	-1.2717227	-1.1448228	-0.73029155	-0.933365	-0.84593576	-1.1441956	3.026804	0.9782583	0.4408785	1.5464844	1.184495	-0.5946743	-0.07718874	0.970193	0.86770284	0.19516218	1.9378064
38	-0.37907106	0.60516095	-1.6220683	0.702811	0.8007987	-0.7558013	-1.2067449	1.8121513	1.1533675	-0.4967074	-1.1157751	0.72957575	-1.727856	0.68103796	-0.34666047	0.34555155	1.5596454	-1.2410692	2.9486198	3.353839	0.9264565	0.33589327	0.8879565	0.9351747	-1.2566501	1.4564358	2.2277477	0.26125303	-1.1491289	0.86168087	2.1121664	-1.4858238	-1.1010771	-1.3007333	-1.1720163	-0.73525345	-0.879339	-0.85810226	-1.1632564	3.0499456	1.0042384	0.40955567	1.5440232	1.1708629	-0.59093165	-0.09852696	0.97374576	0.8231375	0.23360673	1.9255891
39	-0.36048934	0.5649215	-1.4530513	0.6752455	0.71241057	-0.65418667	-1.0980579	1.6269364	1.0358248	-0.46840316	-1.0127307	0.6394356	-1.5541363	0.58468926	-0.3230176	0.2873866	1.3962011	-1.1067959	2.6441858	3.0380554	0.83252734	0.33102366	0.82670265	0.85678387	-1.1378039	1.3064342	2.0250535	0.23270187	-1.091518	0.7516177	1.9392968	-1.3665644	-1.0094776	-1.1685392	-1.0265814	-0.65566564	-0.83859396	-0.77231395	-1.0580884	2.7599533	0.89964986	0.37535515	1.4040996	1.0317377	-0.5340442	-0.07471948	0.8686204	0.73986614	0.21736851	1.7757671
40	-0.3841378	0.5536331	-1.4578952	0.65790385	0.7269556	-0.7262204	-1.1339011	1.6791142	1.0635896	-0.43729764	-1.0687895	0.66733813	-1.591851	0.6294527	-0.29335025	0.33336815	1.4386715	-1.1427506	2.7344205	3.1507533	0.8692503	0.3350436	0.81164676	0.85610884	-1.1697805	1.3639679	2.0704758	0.2235918	-1.0992123	0.8067503	1.972577	-1.3838438	-1.0346066	-1.1673408	-1.104276	-0.69051445	-0.84599197	-0.7844314	-1.0757947	2.8080225	0.93629485	0.41998518	1.4341367	1.0927064	-0.5379992	-0.078025736	0.9209289	0.79237163	0.19959831	1.7905886
41	-0.3559786	0.55955863	-1.4989864	0.6741452	0.73657686	-0.7128274	-1.1690525	1.7059697	1.086377	-0.441836	-1.0763224	0.65469414	-1.6101097	0.6040209	-0.3100535	0.34572357	1.4824387	-1.16239	2.74943	3.1985765	0.893855	0.3520584	0.80308735	0.85933256	-1.1665627	1.3669868	2.1066153	0.20877616	-1.0976287	0.83907014	2.0136569	-1.4140574	-1.0524868	-1.1917825	-1.11482	-0.71127	-0.86007994	-0.7903194	-1.0991286	2.8744879	0.9701001	0.41528198	1.4636893	1.1268864	-0.56790555	-0.050666854	0.9448629	0.8020231	0.1947788	1.8291254
42	-0.42634776	0.597067	-1.6142612	0.71470994	0.80608505	-0.78427696	-1.2097543	1.8382803	1.1407981	-0.46877864	-1.1507125	0.72481245	-1.6994514	0.68086326	-0.337538	0.38002947	1.5776263	-1.2202939	2.9882996	3.4086618	0.94996685	0.36496457	0.8458542	0.9264357	-1.2402151	1.4590285	2.231763	0.21905933	-1.1382142	0.8977018	2.14605	-1.4925649	-1.1195407	-1.2890644	-1.2022408	-0.7671928	-0.91998893	-0.8452172	-1.1784075	3.0752103	1.0209045	0.43095717	1.5713205	1.2305639	-0.6012573	-0.07701392	0.9755816	0.86374354	0.2164129	1.9560666
43	-0.3355227	0.5689394	-1.4964452	0.6612132	0.72646666	-0.6808889	-1.1292436	1.6586804	1.0660415	-0.4697273	-1.0204978	0.6536899	-1.6042761	0.6108457	-0.33487517	0.30019912	1.4530312	-1.1179118	2.71432	3.1190536	0.8628263	0.34358725	0.832184	0.8592324	-1.1564794	1.3787316	2.0541213	0.26152298	-1.1118183	0.7843127	1.9585831	-1.378463	-1.0243719	-1.1943635	-1.0531702	-0.6788766	-0.83772236	-0.7704281	-1.0733321	2.8098001	0.93267906	0.39522952	1.4350369	1.0790255	-0.55320734	-0.0686198	0.8963369	0.75421226	0.22354189	1.8072553
44	-0.4169062	0.6169117	-1.6251634	0.7281811	0.7488468	-0.77134895	-1.2003233	1.7812204	1.1237066	-0.49063706	-1.1325895	0.69837564	-1.6973534	0.64960533	-0.30814734	0.35649565	1.5573182	-1.1808774	2.9313176	3.403321	0.96383685	0.36587796	0.85488105	0.9032602	-1.2479615	1.4283522	2.2399714	0.24063657	-1.1852851	0.86888564	2.1000535	-1.4838035	-1.0910722	-1.307221	-1.1488785	-0.7502712	-0.94401044	-0.81488365	-1.1516927	3.0617719	0.9958151	0.45305067	1.5719707	1.178079	-0.5985016	-0.07396875	0.99630374	0.8344686	0.21118185	1.9289362
45	-0.41934443	0.6272467	-1.6494336	0.7499944	0.8150185	-0.7684584	-1.2539793	1.8690522	1.180622	-0.5107247	-1.1651374	0.7380827	-1.753948	0.6816505	-0.3549021	0.3544019	1.601694	-1.2408704	3.0252419	3.4649475	0.9663738	0.37388	0.9025091	0.96453464	-1.2744694	1.4907564	2.2947855	0.23710282	-1.1977606	0.8822948	2.196632	-1.5516918	-1.1375694	-1.3150868	-1.1871996	-0.76348	-0.95126665	-0.87147564	-1.1961436	3.150191	1.0347455	0.43655834	1.5976088	1.2105266	-0.60748255	-0.08255658	0.9889624	0.86943495	0.24595714	2.0074308
46	-0.40879747	0.63286537	-1.6659673	0.7607081	0.8009326	-0.7583183	-1.2491777	1.8532547	1.1770104	-0.5113209	-1.1505775	0.7503824	-1.7606012	0.6600524	-0.3412656	0.3733586	1.608995	-1.2425017	3.0228539	3.4550526	0.96409214	0.37651762	0.89549345	0.95214504	-1.2556123	1.4791161	2.297252	0.2492169	-1.1988745	0.90472496	2.175083	-1.529599	-1.1337261	-1.3185482	-1.1714046	-0.77444506	-0.93615603	-0.8548938	-1.2003809	3.1578243	1.0389001	0.4171076	1.605306	1.2060494	-0.60207903	-0.061241705	0.99983126	0.8741239	0.2267431	2.0035942
47	-0.36655405	0.6014412	-1.6289971	0.7295218	0.80548376	-0.74994695	-1.2256812	1.8245391	1.1608524	-0.5052214	-1.1346065	0.72597516	-1.7249861	0.65474945	-0.3548436	0.33828297	1.5906832	-1.2401654	2.9647472	3.4131355	0.950518	0.3680165	0.8985665	0.9605372	-1.2533615	1.4893459	2.2639518	0.2533964	-1.1725419	0.86187613	2.139808	-1.5097543	-1.1142219	-1.2992566	-1.1704643	-0.7628559	-0.91462564	-0.8548029	-1.1852703	3.0954313	1.0213258	0.42604125	1.5875163	1.1887671	-0.6122212	-0.07215785	0.9955518	0.86349136	0.22965214	1.9542098
48	-0.3623832	0.5682379	-1.4925649	0.70823205	0.7526227	-0.70954746	-1.1670382	1.7356142	1.1172707	-0.45528138	-1.128807	0.6533866	-1.6454811	0.6206498	-0.30944693	0.34200945	1.4901923	-1.2278597	2.8057106	3.2480693	0.8649634	0.3707557	0.906016	0.91537786	-1.2377188	1.3903598	2.1741586	0.24941534	-1.170192	0.8106461	2.084623	-1.476369	-1.0806314	-1.203402	-1.1436683	-0.68364835	-0.87693506	-0.85122544	-1.1183059	2.9051867	0.96127796	0.4171149	1.4894928	1.130199	-0.5691415	-0.07507153	0.9508812	0.8442339	0.185422	1.8687615
49	-0.42411596	0.6140705	-1.6338578	0.7542894	0.79542834	-0.74728405	-1.2228919	1.804793	1.1383723	-0.51857746	-1.129017	0.7410767	-1.7115141	0.6625262	-0.3450594	0.35190025	1.5624152	-1.225338	2.950818	3.3791175	0.9398019	0.3547989	0.8798334	0.944456	-1.2428353	1.4367481	2.256168	0.23714957	-1.1674956	0.8626678	2.1287715	-1.5057794	-1.1011728	-1.3036194	-1.1577804	-0.7568099	-0.92183876	-0.8507262	-1.1718998	3.0874515	1.0194205	0.4060159	1.5780087	1.1734285	-0.5909872	-0.070962034	0.975213	0.8501443	0.23438379	1.9572703
50	-0.4020956	0.6087711	-1.6155372	0.7283095	0.7786792	-0.7503877	-1.2016739	1.8222177	1.1359012	-0.5103178	-1.1471266	0.7001234	-1.721318	0.6627847	-0.33242077	0.35052943	1.580263	-1.225183	2.9749408	3.3946145	0.9452995	0.36608168	0.92668283	0.92914975	-1.2810482	1.4520746	2.24964	0.24039932	-1.175959	0.8521711	2.1448972	-1.5013254	-1.1031331	-1.3038013	-1.168447	-0.7279186	-0.9307897	-0.86984855	-1.1528666	3.0632112	1.002703	0.44314772	1.5633839	1.1754247	-0.616785	-0.10829567	0.98275405	0.86140466	0.2239483	1.9600242
51	-0.38991436	0.6001644	-1.5917221	0.72778475	0.7711322	-0.730581	-1.1950457	1.7660953	1.1299877	-0.4907982	-1.1009603	0.72182006	-1.687629	0.6464248	-0.32666087	0.33665425	1.5300709	-1.1902922	2.8891947	3.3189313	0.91858673	0.35050356	0.865356	0.9227328	-1.2188714	1.4322088	2.198646	0.2532855	-1.1528093	0.84614563	2.0855372	-1.4698881	-1.0787127	-1.2643903	-1.1170005	-0.74399656	-0.90493286	-0.8230879	-1.1530764	3.017555	0.9832124	0.4084667	1.5431169	1.1535764	-0.57914394	-0.064878635	0.9600465	0.82792306	0.22181866	1.9130554
52	-0.4325591	0.6246151	-1.6471602	0.74037623	0.8108891	-0.78311133	-1.2329171	1.8438209	1.1589425	-0.49713436	-1.1521901	0.74397326	-1.7343453	0.6838247	-0.33755282	0.3645812	1.576264	-1.2474464	3.008551	3.4399352	0.94935644	0.3558767	0.869252	0.94988227	-1.2655271	1.4666473	2.2760224	0.23908672	-1.18532	0.89376193	2.1615376	-1.5192432	-1.126741	-1.3145354	-1.1938226	-0.7715673	-0.93698645	-0.85583156	-1.1967531	3.1179879	1.0337378	0.420685	1.588053	1.2056701	-0.5857521	-0.078959614	0.9902738	0.8542298	0.22031754	1.9794118
53	-0.23514268	0.5212757	-1.2693974	0.5600181	0.62703705	-0.5573318	-0.9775075	1.4589373	0.9552133	-0.40962043	-0.89401203	0.5291706	-1.3975443	0.5011591	-0.30337298	0.25629824	1.2655798	-1.01842	2.3383555	2.6986694	0.71787715	0.32802916	0.77379024	0.7778708	-1.0207669	1.1924156	1.8044907	0.24691758	-1.0175738	0.65608996	1.7383658	-1.2117326	-0.9282294	-1.0285908	-0.9103248	-0.53824115	-0.71734536	-0.6906567	-0.90448534	2.4134529	0.78625816	0.3331652	1.2193077	0.9023224	-0.47563908	-0.0546918	0.77142644	0.6625798	0.18878737	1.5703747
54	-0.21644723	0.51848656	-1.3023394	0.53899944	0.654147	-0.6059289	-1.031919	1.5190995	0.9954772	-0.40355694	-0.93887836	0.5206287	-1.441033	0.52520806	-0.31229684	0.2720434	1.3295138	-1.0723066	2.4342558	2.8146873	0.7474232	0.35258603	0.79060113	0.7903426	-1.0746099	1.2712998	1.8662863	0.24473484	-1.0589831	0.6942858	1.7968967	-1.2458484	-0.9630208	-1.0449902	-0.98589635	-0.5545375	-0.73872095	-0.71399856	-0.91314137	2.4615476	0.85220355	0.37586105	1.2453295	0.95713514	-0.48584917	-0.060943995	0.8186001	0.7155283	0.18275025	1.6126225
55	-0.21318634	0.4877529	-1.1880465	0.52051234	0.5824223	-0.52505213	-0.915855	1.3683019	0.89535975	-0.38316777	-0.83589715	0.48138362	-1.3136654	0.4723351	-0.2824607	0.23056683	1.1871734	-0.9510227	2.1941013	2.540057	0.67289454	0.3002948	0.7274386	0.7179718	-0.9730612	1.1214453	1.6861261	0.23804173	-0.9603529	0.6101673	1.6404264	-1.1320548	-0.8691254	-0.9684987	-0.8463614	-0.49821484	-0.683091	-0.6479833	-0.846922	2.2504113	0.73497224	0.3297943	1.1348995	0.85025764	-0.44984445	-0.061408725	0.7227263	0.6078715	0.1760459	1.476258
56	-0.2178107	0.46067417	-1.1764742	0.4912243	0.57320994	-0.5311994	-0.89893454	1.3430964	0.8762115	-0.36206755	-0.81982845	0.47839642	-1.2771696	0.46769834	-0.26247588	0.24919017	1.1697916	-0.9317943	2.1694446	2.4812648	0.6654266	0.2939718	0.69455	0.6922123	-0.95299727	1.0973792	1.6484319	0.22964233	-0.91079956	0.62743235	1.5908015	-1.1004733	-0.84420705	-0.9550166	-0.86189187	-0.4959698	-0.6510931	-0.6283029	-0.83166295	2.2020519	0.7353044	0.31623635	1.1139514	0.8624668	-0.43534327	-0.06381463	0.7141396	0.61492485	0.16113907	1.4347067
57	-0.27495408	0.51236486	-1.336173	0.5721198	0.6518279	-0.62264043	-1.0196452	1.5282305	0.98332953	-0.40375468	-0.95233285	0.53857195	-1.4415159	0.5308634	-0.27597547	0.28404766	1.3234965	-1.0633328	2.48563	2.838371	0.7567985	0.33160836	0.7867376	0.7756707	-1.102797	1.2332842	1.8870884	0.23361482	-1.0300617	0.71715266	1.8208779	-1.2554092	-0.95557433	-1.0793859	-0.9935503	-0.5787999	-0.7591561	-0.7245181	-0.9500168	2.507547	0.8436564	0.38073534	1.2661762	0.9870571	-0.49518844	-0.084263444	0.82420754	0.72776127	0.16012007	1.6339616
58	-0.2523078	0.5314878	-1.3282938	0.5680442	0.6575655	-0.6064704	-1.026174	1.5241369	0.9929052	-0.41534	-0.94480634	0.55512583	-1.459899	0.53560567	-0.30458587	0.27741176	1.3323885	-1.0699435	2.4578142	2.8340304	0.758706	0.32998437	0.80218214	0.8007269	-1.0858597	1.2575985	1.8862221	0.2484224	-1.0463291	0.7011342	1.8124671	-1.2548573	-0.96214	-1.0801895	-0.9834442	-0.56712383	-0.7498364	-0.723937	-0.94564605	2.516171	0.83505076	0.36131805	1.2788196	0.9657625	-0.50266707	-0.07199639	0.8185148	0.6972912	0.19224146	1.630133
59	-0.23180467	0.49979347	-1.2128837	0.5316796	0.60625374	-0.5236616	-0.9468059	1.3914618	0.9110682	-0.40116405	-0.85007405	0.5077005	-1.3376622	0.48092943	-0.30923906	0.24809846	1.2092719	-0.98305833	2.2170575	2.558461	0.68487453	0.30706266	0.73852384	0.7424403	-0.9741514	1.1268307	1.7181687	0.22674368	-0.9610462	0.6307676	1.6614951	-1.1662107	-0.8901727	-0.9931575	-0.8797872	-0.50431645	-0.6734115	-0.6690247	-0.86435336	2.305173	0.7634008	0.30459344	1.1624733	0.8542101	-0.45601758	-0.055714685	0.7270458	0.6107261	0.1999582	1.5081276
60	-0.26362696	0.54975724	-1.3618605	0.5879328	0.67381024	-0.6060028	-1.0554194	1.5745959	1.0131369	-0.44191143	-0.96537334	0.5576294	-1.494641	0.5413853	-0.3170403	0.27987188	1.3629279	-1.0927241	2.5143955	2.8861787	0.7792217	0.3413994	0.83032054	0.8193017	-1.1092423	1.2710832	1.9322387	0.24373752	-1.0702871	0.7133551	1.8614488	-1.2973626	-0.98509735	-1.1068509	-1.0012819	-0.57112104	-0.7719999	-0.7479554	-0.9674645	2.5771022	0.8601475	0.36303142	1.2986846	0.97511137	-0.51380414	-0.082338266	0.83056194	0.71403694	0.20140824	1.6827484
61	-0.24601933	0.52572954	-1.28957	0.56226075	0.64023554	-0.5684142	-0.99806607	1.4864267	0.97140557	-0.41698635	-0.89761806	0.5447939	-1.4200133	0.51782376	-0.30904156	0.2655331	1.2802751	-1.032112	2.3743267	2.7207863	0.727508	0.31286308	0.7731138	0.78154814	-1.034774	1.2015831	1.8209363	0.25266922	-1.0149124	0.6784305	1.7598045	-1.2246231	-0.938083	-1.0496975	-0.9294502	-0.5398854	-0.7176659	-0.70030814	-0.92422414	2.4425378	0.8068477	0.32937533	1.2264346	0.9233709	-0.4714205	-0.06612	0.7709717	0.6550443	0.20028698	1.5910363
62	-0.19970246	0.47734568	-1.2072258	0.495412	0.59245217	-0.55005836	-0.92676616	1.4064978	0.9157164	-0.36566174	-0.85924095	0.4707297	-1.3197979	0.47841898	-0.26635396	0.2568167	1.214622	-0.9877075	2.2528257	2.5837286	0.68128276	0.31291538	0.7297371	0.7219686	-1.0010562	1.1400106	1.7123907	0.23522669	-0.95465803	0.64397323	1.6666586	-1.1396768	-0.8852627	-0.97930694	-0.8998006	-0.50355226	-0.68141687	-0.6600124	-0.8481757	2.2653556	0.75814766	0.34062505	1.1379524	0.8921814	-0.453382	-0.069681905	0.7489369	0.6545004	0.14675897	1.4826434
63	-0.22633661	0.49861777	-1.2474133	0.5087833	0.5977415	-0.5535122	-0.95495117	1.435696	0.9295428	-0.38451603	-0.8743367	0.49390137	-1.3596724	0.48983347	-0.27800068	0.27251792	1.2466037	-0.99090827	2.2979906	2.6242208	0.71001655	0.31823236	0.746356	0.7267488	-1.0116214	1.1527344	1.7409865	0.22820988	-0.9652301	0.6679863	1.6947236	-1.1648319	-0.90000993	-1.0119584	-0.9138105	-0.50952846	-0.69655484	-0.66895074	-0.8624313	2.3302999	0.77604073	0.33626565	1.1678468	0.9018122	-0.46805522	-0.075140916	0.757754	0.6516474	0.17227295	1.5271258
64	-0.20630485	0.49854255	-1.2184216	0.52759385	0.60264885	-0.5440005	-0.95092773	1.4079363	0.9291022	-0.38718635	-0.8592323	0.48662236	-1.3416319	0.48003858	-0.29828385	0.24868077	1.2241142	-1.0012267	2.2472584	2.6110818	0.6840919	0.31495845	0.7337985	0.7425472	-0.994744	1.146415	1.7415569	0.24123247	-0.9909045	0.6370159	1.6872768	-1.164786	-0.9047275	-0.9939855	-0.88881516	-0.50703704	-0.68973404	-0.6680019	-0.8582441	2.304565	0.77132946	0.33247697	1.1608142	0.8791932	-0.45186082	-0.04767078	0.7486253	0.63399774	0.17440128	1.507552
65	-0.2712409	0.52800477	-1.3130546	0.5962193	0.64748776	-0.58075184	-1.0029938	1.4833473	0.9696498	-0.42542163	-0.9136947	0.5547613	-1.4222691	0.5218937	-0.30913135	0.25994933	1.2839264	-1.0291802	2.3934546	2.7675703	0.74011856	0.3203209	0.7684952	0.7895672	-1.0439308	1.1991373	1.8540502	0.24655049	-1.0257447	0.6750703	1.7789704	-1.2505778	-0.94235986	-1.0677425	-0.92713904	-0.5692466	-0.73887086	-0.7065377	-0.9444924	2.492234	0.8097071	0.3440985	1.260416	0.9348785	-0.4860051	-0.054795403	0.7845273	0.6692721	0.19819751	1.6117271
66	-0.22625934	0.4717585	-1.2016121	0.5018024	0.588839	-0.5517174	-0.9331538	1.4069718	0.9144078	-0.35739392	-0.85590017	0.47056872	-1.3189129	0.4788199	-0.25528473	0.25264722	1.199276	-0.9637734	2.2498944	2.5724604	0.6847632	0.3076306	0.7150981	0.7039206	-0.9992607	1.1258339	1.6978754	0.22509395	-0.94141394	0.65303546	1.6717919	-1.1475819	-0.88365215	-0.973612	-0.8938935	-0.5084615	-0.6867345	-0.6545684	-0.8617073	2.2644854	0.7528778	0.3468794	1.1286913	0.89625484	-0.44903195	-0.0757048	0.7406603	0.64217055	0.14900339	1.4909635
67	-0.24061349	0.51524687	-1.2695451	0.55709726	0.6336579	-0.5636596	-0.98638856	1.4681635	0.9573088	-0.41005313	-0.8956598	0.52393746	-1.3876007	0.50340027	-0.30193818	0.25177348	1.2610132	-1.025193	2.347952	2.7055295	0.71848106	0.3192275	0.7635932	0.77850187	-1.0336583	1.187472	1.8070431	0.23671252	-1.0085346	0.6585689	1.7543857	-1.2147139	-0.93180364	-1.0324314	-0.92087793	-0.5386977	-0.7272622	-0.6944978	-0.90783864	2.4102817	0.79529834	0.3427343	1.2097856	0.9125014	-0.47228107	-0.064034104	0.7679542	0.66678894	0.18595862	1.5732017
68	-0.2286389	0.5177756	-1.2667843	0.5444914	0.62543833	-0.5499006	-0.9840504	1.4577138	0.95335	-0.41176227	-0.88602495	0.50942975	-1.3906721	0.49706277	-0.3060108	0.25095785	1.2590414	-1.0202544	2.3262413	2.679154	0.715784	0.32031664	0.7704374	0.76513135	-1.0327938	1.1781678	1.7895956	0.23644723	-1.0023205	0.6580355	1.7419851	-1.2123356	-0.9253751	-1.0342829	-0.91387457	-0.5248795	-0.7168833	-0.69550234	-0.8978013	2.394859	0.792874	0.33762133	1.1977515	0.89863557	-0.47796634	-0.06961987	0.7622801	0.6476477	0.1902591	1.5716875
69	-0.21505304	0.49029818	-1.2046878	0.50833666	0.5989966	-0.53067046	-0.936118	1.3954614	0.912561	-0.38758853	-0.83554983	0.48128015	-1.3162968	0.48029125	-0.29843014	0.23974867	1.203033	-0.966095	2.222089	2.5488572	0.6746754	0.30971634	0.7200503	0.73215556	-0.9765563	1.1297601	1.699048	0.23839003	-0.9600896	0.6276919	1.6558124	-1.1530453	-0.884537	-0.9838405	-0.874608	-0.49443796	-0.6756961	-0.65301776	-0.84789413	2.2616096	0.7570291	0.31708843	1.1323553	0.87077844	-0.43869048	-0.06162307	0.7162709	0.61867976	0.18274844	1.4919167
70	-0.23608965	0.5030521	-1.2591422	0.52376527	0.6161373	-0.572086	-0.9807313	1.4783775	0.9547129	-0.37466106	-0.8983178	0.50177884	-1.380715	0.49552795	-0.2671724	0.27954093	1.2641717	-1.014227	2.3466983	2.6814387	0.7154351	0.32423288	0.73828745	0.74132377	-1.0243877	1.1719518	1.7771854	0.22173044	-0.98135465	0.69626313	1.7363279	-1.2029048	-0.91799533	-1.0100641	-0.9309044	-0.53798646	-0.7171666	-0.68214417	-0.8967958	2.3758264	0.7996869	0.34044746	1.1845417	0.92940193	-0.4564761	-0.067713216	0.7765117	0.67803335	0.15324074	1.5627172
71	-0.23946212	0.5173587	-1.2537054	0.5536169	0.62154025	-0.54913235	-0.966406	1.4444395	0.9377743	-0.4040251	-0.8759238	0.5150817	-1.375133	0.4919859	-0.30794093	0.25689745	1.2549953	-0.9903721	2.303747	2.6471808	0.7044704	0.3298844	0.7495712	0.75295943	-0.99386895	1.1649249	1.7741146	0.2389698	-1.0022871	0.65413487	1.7135735	-1.195863	-0.919091	-1.0132027	-0.8945653	-0.5276708	-0.69779265	-0.6750457	-0.889867	2.3707552	0.7816365	0.3226672	1.1941817	0.89537674	-0.46133807	-0.04953902	0.74825907	0.64768666	0.19354203	1.5561002
72	-0.21288933	0.46924782	-1.1690085	0.49659038	0.55603033	-0.5110676	-0.88693506	1.3202598	0.87027264	-0.36092266	-0.8093457	0.46108916	-1.2652254	0.44934708	-0.26023397	0.24354237	1.148063	-0.922576	2.1265533	2.4492602	0.65137684	0.29779327	0.6913116	0.6826095	-0.9427538	1.060894	1.6351831	0.23118684	-0.9179985	0.6138798	1.5828043	-1.0979161	-0.8426858	-0.95202094	-0.83385015	-0.48104927	-0.64866006	-0.6201937	-0.8181889	2.182348	0.71386737	0.309542	1.098668	0.83663845	-0.43088886	-0.054823797	0.70482105	0.5956157	0.15732771	1.4249842
73	-0.23751073	0.5041591	-1.2440639	0.55730206	0.6179961	-0.5480278	-0.96201587	1.429069	0.93715835	-0.40125644	-0.8718231	0.5011637	-1.3661072	0.48194918	-0.2973025	0.23807035	1.2287335	-0.99514085	2.2886868	2.6364038	0.6963068	0.32502878	0.7574745	0.7503385	-1.0102811	1.1561457	1.7724226	0.24554089	-1.0057154	0.6439299	1.7104251	-1.198081	-0.91740423	-1.0103621	-0.89527184	-0.52486616	-0.698404	-0.67946774	-0.9003873	2.3560493	0.77728313	0.332932	1.1876413	0.8823642	-0.45768303	-0.057800133	0.75453717	0.6437774	0.1817244	1.5449159
74	-0.22247818	0.4853475	-1.2277292	0.5083422	0.61062443	-0.57813895	-0.9522687	1.4327376	0.92620915	-0.3794206	-0.88881785	0.48862234	-1.3511566	0.5020796	-0.28244397	0.2564977	1.2473328	-1.004258	2.309474	2.6587713	0.70513636	0.31960422	0.75291693	0.7381935	-1.0335059	1.1848495	1.7543898	0.2361795	-0.98716503	0.6494078	1.7043432	-1.1615105	-0.9081989	-1.0028895	-0.93281126	-0.51563925	-0.704454	-0.67549217	-0.8663444	2.3131273	0.78208154	0.36604324	1.1753358	0.9120872	-0.46888843	-0.079213984	0.76615137	0.6672135	0.1684157	1.5185499
75	-0.2691479	0.50576824	-1.3059279	0.57908934	0.6289437	-0.59338254	-0.9843786	1.4728868	0.95384413	-0.40667412	-0.90848815	0.54294217	-1.401066	0.516166	-0.2697661	0.26424828	1.2724166	-1.0179635	2.3994784	2.751607	0.7368544	0.30432847	0.75883365	0.7623546	-1.0554752	1.1903	1.8340735	0.24319652	-1.0025737	0.6809199	1.7609318	-1.2093436	-0.9189656	-1.0538707	-0.9336098	-0.5659384	-0.7442882	-0.6928063	-0.93081844	2.4495745	0.8038203	0.35870183	1.2389796	0.9500598	-0.479754	-0.0721118	0.79413956	0.6869383	0.16675675	1.5791547
76	-0.21528406	0.4955603	-1.2218465	0.5038169	0.5989092	-0.55675954	-0.9430405	1.4229838	0.9262828	-0.3739711	-0.89145523	0.4895417	-1.3489733	0.49038205	-0.2636681	0.2726528	1.240046	-1.0010195	2.2920103	2.6262302	0.6978491	0.32531977	0.76530236	0.73878896	-1.0244368	1.1665533	1.7471714	0.23167893	-0.97693	0.6533784	1.6919299	-1.1636195	-0.8939926	-0.99227244	-0.92164457	-0.5062732	-0.69905007	-0.67673564	-0.8568908	2.314005	0.76674336	0.34312403	1.1688986	0.902025	-0.47034153	-0.0772384	0.7588089	0.6729452	0.15785483	1.5124633
77	-0.2142169	0.46555063	-1.1841187	0.50240856	0.5690042	-0.5163808	-0.9041158	1.345673	0.88216466	-0.3701541	-0.82899433	0.4706989	-1.290407	0.45273912	-0.2605439	0.2492127	1.1773865	-0.93899703	2.1766603	2.4837976	0.66624075	0.3073333	0.7274366	0.69067794	-0.96921355	1.0924363	1.6635666	0.23044787	-0.9228835	0.626942	1.6100537	-1.1124	-0.8534761	-0.9619451	-0.8599591	-0.48743865	-0.6531888	-0.64002454	-0.83535707	2.2173707	0.7332176	0.31945646	1.1195468	0.8534552	-0.44927168	-0.06883105	0.7187113	0.6252251	0.16160566	1.4527729
78	-0.20295332	0.47851023	-1.1526448	0.50716907	0.5635812	-0.49482253	-0.8825872	1.3105328	0.86423624	-0.3819382	-0.7967997	0.46589053	-1.254595	0.4453825	-0.29278782	0.22612056	1.1459516	-0.9240677	2.1045854	2.4398937	0.6416311	0.3025515	0.69905573	0.7067468	-0.92575586	1.0702477	1.6317822	0.23639143	-0.9345478	0.5847741	1.5786757	-1.0931485	-0.85003185	-0.94743806	-0.81104136	-0.47404882	-0.64973617	-0.6212351	-0.80745864	2.1715372	0.71009153	0.30165732	1.1020672	0.810088	-0.42789608	-0.041608777	0.6866757	0.58659196	0.17978695	1.4257588
