	0	1	2	3	4	5	6	7	8	9	10	11	12	13	14	15	16	17	18	19	20	21	22	23	24	25	26	27	28	29	30	31	32	33	34	35	36	37	38	39	40	41	42	43	44	45	46	47	48	49	50	51	52	53	54
0	1.4568063	-1.9902188	-1.1324172	0.61187786	-0.44340223	3.3909345	-0.13195302	-2.2520435	-0.89281	-4.080039	-0.9684037	-1.0540174	-0.030884497	-0.48754966	-0.55774134	1.949937	-1.5880305	-0.7228002	1.0163347	-1.6697003	-0.12352091	0.32850912	-0.29432	-0.7123176	-2.0165417	2.6014469	-0.7528887	0.6658875	-1.2422467	-1.0206333	0.049135566	-2.9120626	-2.2100399	-0.79343015	-0.3830312	0.19733554	0.020974474	2.055862	2.4596555	0.16924873	-0.49743542	-0.078460135	0.5789431	0.40101856	-0.39722773	-3.429377	-2.0477474	0.5737356	1.9024825	0.46496862	-0.6663343	-0.18950748	-2.3795617	0.2726819	-1.7779808
1	1.427978	-1.9010122	-1.0916828	0.5804738	-0.41548368	3.2277858	-0.11114387	-2.1654572	-0.8937493	-3.9325218	-0.92676055	-0.98765296	-0.022709712	-0.49197802	-0.50877583	1.8708639	-1.531851	-0.67542166	0.9991341	-1.5857233	-0.14823303	0.3212309	-0.2768469	-0.6811267	-1.9220917	2.4580166	-0.69198793	0.63964623	-1.2059784	-0.9531336	0.039332595	-2.835602	-2.1338243	-0.76062816	-0.38271317	0.18940966	0.020032248	1.9820557	2.393323	0.17428032	-0.47768137	-0.089951575	0.5460353	0.36005297	-0.38635108	-3.3498545	-1.965166	0.5211955	1.8288448	0.4580137	-0.6063514	-0.21169583	-2.2862985	0.25862303	-1.6831887
2	1.4468272	-1.9732865	-1.1149998	0.6631166	-0.44121608	3.4137354	-0.10514414	-2.2837026	-0.910421	-4.1067	-0.94664747	-1.0413448	-0.013109926	-0.47204295	-0.5825043	1.9971005	-1.5746105	-0.740355	1.0266684	-1.662563	-0.11547655	0.3435017	-0.30210587	-0.6855415	-1.9893097	2.5764327	-0.7556183	0.6281509	-1.2243439	-1.036906	0.023233151	-2.9473958	-2.2266076	-0.76241565	-0.38243353	0.17769618	-0.00651089	2.0989819	2.5208764	0.22090757	-0.48515186	-0.096525796	0.57549447	0.39094228	-0.41357416	-3.4646592	-2.0615265	0.5280459	1.9260312	0.49027404	-0.64597297	-0.2045488	-2.3863118	0.26276737	-1.7745203
3	1.5070344	-2.065725	-1.18145	0.61826307	-0.40324783	3.4803317	-0.12416848	-2.3411374	-0.90928614	-4.2078247	-1.0048053	-1.0759114	-0.010279631	-0.51890886	-0.55283326	2.006083	-1.6273683	-0.70444727	1.0445162	-1.6835421	-0.14437948	0.33532065	-0.32178935	-0.73082423	-2.024067	2.6284711	-0.7448253	0.6988341	-1.2633908	-1.0416172	0.072005115	-3.0499036	-2.2790596	-0.81616014	-0.4214994	0.21760313	0.06953228	2.1232638	2.5498734	0.17573698	-0.5406433	-0.081474744	0.58627367	0.38247427	-0.40391138	-3.5937662	-2.0998223	0.5728168	1.9486587	0.47622812	-0.6723566	-0.22828504	-2.443232	0.25945878	-1.8118211
4	1.3175772	-1.7932662	-1.0141846	0.53806734	-0.39764148	3.021859	-0.098775834	-2.030268	-0.81547403	-3.6810594	-0.8702159	-0.9288875	-0.020641215	-0.45259774	-0.49583673	1.7279274	-1.4244344	-0.64129776	0.9191613	-1.4609499	-0.14306204	0.27253696	-0.2665747	-0.62667704	-1.8058518	2.3203201	-0.67409843	0.5997311	-1.116034	-0.9001507	0.03556996	-2.6051643	-1.9840089	-0.6885888	-0.35794258	0.1700201	0.022395886	1.8291689	2.1927857	0.1711119	-0.45391887	-0.08150005	0.5265418	0.3492179	-0.37902114	-3.0891511	-1.8413416	0.50511	1.6931176	0.42117098	-0.57400876	-0.18569429	-2.1160126	0.23508182	-1.6006294
5	1.4312128	-1.9956721	-1.1094799	0.56703	-0.44745004	3.331315	-0.13504136	-2.2564652	-0.86282617	-4.0664	-0.94469124	-1.0156658	-0.035665985	-0.48758176	-0.5496248	1.8910927	-1.57891	-0.6884697	1.031503	-1.6137499	-0.14875461	0.29831332	-0.27950898	-0.70445454	-1.9572725	2.5846856	-0.7567778	0.68970275	-1.2282299	-1.0315212	0.067128174	-2.9069262	-2.214953	-0.75393426	-0.42312294	0.19979343	0.041191358	1.9890954	2.4141335	0.1722179	-0.53436774	-0.097726576	0.55803365	0.37000382	-0.3772522	-3.4287107	-2.0339572	0.5899719	1.8549054	0.43273115	-0.63465834	-0.20248239	-2.319131	0.248382	-1.7467861
6	1.6025218	-2.1640227	-1.2520351	0.6434708	-0.3983834	3.6522145	-0.101712644	-2.4621441	-0.95058906	-4.4096026	-1.0631564	-1.1097773	0.0063874954	-0.5679832	-0.58511645	2.0806968	-1.7058421	-0.7354533	1.1138157	-1.7701095	-0.18001978	0.35552755	-0.34591314	-0.7557808	-2.1217387	2.7404075	-0.77575433	0.7487671	-1.3385941	-1.0979925	0.09182923	-3.2308986	-2.3939517	-0.87769115	-0.42714185	0.25933272	0.07862805	2.246929	2.6599774	0.18629682	-0.58910656	-0.07031645	0.5996644	0.4051768	-0.41281417	-3.7801983	-2.2058055	0.6003072	2.0407095	0.48680425	-0.7162077	-0.24626142	-2.5601876	0.2544458	-1.937116
7	1.4812764	-1.8939914	-1.1400763	0.5956183	-0.44563457	3.2731428	-0.034808934	-2.1235118	-0.866945	-3.8948054	-0.94129145	-0.87522155	0.059867565	-0.47068033	-0.6191597	1.8771977	-1.566891	-0.5884085	1.0166024	-1.6396813	-0.26321122	0.3366979	-0.2432333	-0.6271307	-1.8465102	2.4500272	-0.6354943	0.6348625	-1.263167	-1.0215285	0.037677348	-2.9276693	-2.1954124	-0.71459985	-0.37251717	0.27517352	-0.02845295	2.013491	2.3367934	0.20146069	-0.47676808	-0.049069095	0.48388186	0.4011409	-0.3318013	-3.3721495	-1.9121454	0.5487537	1.7581899	0.4067677	-0.61463594	-0.24013528	-2.2906	0.18064882	-1.7220933
8	1.5223793	-2.0192852	-1.1754298	0.6109886	-0.42928594	3.420266	-0.13297705	-2.2908914	-0.938962	-4.1970105	-1.017111	-1.041424	-0.03376352	-0.5453213	-0.52571464	2.0047166	-1.6448172	-0.7096279	1.0660833	-1.7026548	-0.18221954	0.33777624	-0.28686798	-0.73101485	-2.0360498	2.6123607	-0.69699264	0.7045493	-1.2791196	-1.0072206	0.07452629	-3.034546	-2.2977324	-0.8089971	-0.41753644	0.22928967	0.060299296	2.1020782	2.567293	0.15353435	-0.52725196	-0.08929238	0.56250465	0.3831768	-0.4001772	-3.5815413	-2.1114995	0.5653409	1.9182184	0.46404567	-0.6513088	-0.22211957	-2.4293668	0.25779685	-1.8042973
9	1.4572526	-1.996464	-1.1660208	0.64952755	-0.45921928	3.4549804	-0.13720128	-2.3123817	-0.9170249	-4.2005525	-0.98827565	-1.0510087	-0.019839022	-0.54779464	-0.5854691	2.031122	-1.6266531	-0.7611006	1.0590558	-1.7612506	-0.1501244	0.3059451	-0.3173764	-0.6890649	-2.0610747	2.6262555	-0.7399535	0.7010092	-1.2559469	-1.0706671	0.07102976	-3.0127923	-2.2858932	-0.7981344	-0.34411559	0.20841368	0.039575454	2.0779188	2.5754251	0.1962379	-0.51108664	-0.114714704	0.5690469	0.41602686	-0.40962073	-3.555037	-2.1285641	0.57580006	1.9276006	0.46610463	-0.66481453	-0.21453664	-2.4437592	0.24866888	-1.8627672
10	1.4683785	-2.0169487	-1.1647391	0.58555275	-0.392002	3.3870103	-0.13570143	-2.2869432	-0.9007894	-4.1557693	-0.9908822	-1.040656	-0.02609419	-0.5424905	-0.536146	1.9536701	-1.616867	-0.72130835	1.0601622	-1.647465	-0.18675664	0.33588973	-0.31792805	-0.7163817	-1.9922856	2.5782561	-0.72985965	0.6924743	-1.2464794	-1.0217301	0.082186475	-3.0108159	-2.2520618	-0.7971254	-0.39485303	0.20494919	0.07940279	2.067752	2.515384	0.16475469	-0.5422062	-0.092718564	0.5632734	0.36445126	-0.4046578	-3.5382164	-2.0856154	0.5795676	1.9088523	0.46816036	-0.6439976	-0.23677386	-2.368403	0.24714349	-1.7849262
11	1.3946315	-1.8648859	-1.0864861	0.56624156	-0.3681322	3.1186728	-0.10856073	-2.092375	-0.84856755	-3.7839997	-0.90291905	-0.96681434	0.009049168	-0.4828251	-0.505084	1.8235782	-1.4702245	-0.6335968	0.9673962	-1.5078745	-0.16890998	0.31735444	-0.28430194	-0.6383806	-1.8249062	2.3628595	-0.64527816	0.6135236	-1.1641912	-0.93166494	0.059237417	-2.7711406	-2.0600986	-0.721882	-0.37640116	0.19185922	0.034811098	1.9194764	2.2950003	0.15806296	-0.47081286	-0.055006348	0.50254947	0.34154764	-0.36684996	-3.2363355	-1.8960506	0.4928012	1.7681887	0.41885093	-0.5949561	-0.19251959	-2.195446	0.24115174	-1.6149101
12	1.4897869	-2.0137832	-1.1330267	0.56477743	-0.3687306	3.366839	-0.12607843	-2.2715254	-0.90030825	-4.122207	-0.99695396	-1.0222583	-0.021762773	-0.56159747	-0.5258686	1.9520842	-1.6473601	-0.7000417	1.0522976	-1.6724488	-0.21070342	0.36643732	-0.2860958	-0.74457353	-1.9857041	2.5662274	-0.70339644	0.7299275	-1.2459352	-0.9922713	0.12754509	-3.021737	-2.2556357	-0.84148484	-0.4112114	0.2570766	0.093359396	2.094665	2.5323083	0.14910972	-0.590071	-0.08292118	0.55296326	0.35708842	-0.3911201	-3.5616581	-2.0636015	0.5705127	1.8864999	0.47149724	-0.6479269	-0.24964014	-2.362628	0.19851427	-1.7562803
13	1.4433806	-1.9054455	-1.141499	0.5687124	-0.37765703	3.244159	-0.09588857	-2.1580572	-0.8632454	-3.9198139	-0.95799696	-0.96282613	0.015165835	-0.5103807	-0.538775	1.8572043	-1.552938	-0.6788629	0.9956667	-1.5875232	-0.20005457	0.33388442	-0.29724705	-0.6782088	-1.8756253	2.453751	-0.6695102	0.64832026	-1.206996	-0.9742153	0.067188144	-2.8640587	-2.1513226	-0.75455445	-0.367553	0.25217643	0.053189624	2.0070274	2.3755572	0.140964	-0.492696	-0.04758596	0.52311426	0.37717038	-0.3677445	-3.3561676	-1.9696201	0.55896443	1.7985889	0.4338588	-0.65024966	-0.20614149	-2.267785	0.23824419	-1.7210333
14	1.2810062	-1.775482	-0.99405295	0.56111026	-0.41379365	3.0382183	-0.100877196	-2.0635748	-0.788688	-3.6684809	-0.8376081	-0.93938047	-0.0035010674	-0.43990433	-0.5385618	1.7235503	-1.417241	-0.66296446	0.9285142	-1.4599264	-0.092456475	0.24972874	-0.2610844	-0.5867825	-1.7700074	2.316687	-0.6985256	0.59013844	-1.1026326	-0.9470806	0.022206012	-2.59153	-1.9626644	-0.65636665	-0.3382519	0.16585065	0.013210402	1.8327148	2.1868246	0.1957432	-0.44955894	-0.08557598	0.51892334	0.36643314	-0.3583486	-3.0708218	-1.8356656	0.49905968	1.695356	0.4103122	-0.6117404	-0.17948942	-2.100359	0.2269267	-1.5945286
15	1.4769268	-1.9613309	-1.1348602	0.5827823	-0.47118828	3.3359709	-0.15936613	-2.2488635	-0.9262407	-4.116084	-0.9546398	-1.0267712	-0.03873179	-0.5396427	-0.545662	1.9324461	-1.6255709	-0.6912432	1.062158	-1.6764201	-0.19578573	0.2929584	-0.27717623	-0.6898432	-2.0254853	2.5993268	-0.72789496	0.71843207	-1.2757818	-1.0031946	0.044618364	-2.9529538	-2.20842	-0.79716784	-0.3852206	0.1928686	0.01560108	2.0122602	2.4760208	0.17743166	-0.48856333	-0.11723838	0.55676883	0.3825848	-0.41920903	-3.486029	-2.0500174	0.56410223	1.8987885	0.48434326	-0.6117042	-0.2322985	-2.3889625	0.269305	-1.7481104
16	1.4596108	-2.0000052	-1.1205312	0.5961949	-0.40490615	3.362097	-0.10920638	-2.2648523	-0.8819687	-4.0655184	-0.96930975	-1.0250883	-0.026266601	-0.47596	-0.5653343	1.9376653	-1.5980321	-0.69171816	1.0336746	-1.667179	-0.14683749	0.34643045	-0.2673311	-0.711298	-1.9570671	2.5591838	-0.7288689	0.6764057	-1.2341944	-1.0317734	0.06832106	-2.9626915	-2.214145	-0.7758454	-0.41981563	0.2185836	0.038800623	2.0743654	2.463368	0.16097961	-0.53625983	-0.09166789	0.54327786	0.37857223	-0.38433456	-3.4904146	-2.0182195	0.5524523	1.8789	0.45889235	-0.65486234	-0.22274116	-2.3475173	0.23420916	-1.7401257
17	1.5584846	-2.109063	-1.2304052	0.62444395	-0.4413181	3.560897	-0.14555053	-2.4284775	-0.90886116	-4.3834105	-1.0258018	-1.0930405	0.011161189	-0.58352214	-0.58394337	2.044354	-1.704986	-0.74759406	1.0907744	-1.689502	-0.22040543	0.31324154	-0.31119218	-0.7422182	-2.062891	2.7692015	-0.76965296	0.7458661	-1.2848736	-1.0727898	0.060563873	-3.1059413	-2.3671389	-0.7889366	-0.445699	0.25981876	0.09915527	2.1612508	2.5995355	0.17522836	-0.56487286	-0.055236667	0.6078591	0.40993053	-0.43500307	-3.6678236	-2.2059822	0.6513979	1.967859	0.4623063	-0.7105159	-0.20549138	-2.4704394	0.25218433	-1.8848048
18	1.5183969	-2.0764935	-1.1906168	0.58616227	-0.40244254	3.4691246	-0.11454556	-2.3399036	-0.90233713	-4.2278748	-1.0350786	-1.0558672	-0.009500988	-0.5493502	-0.56506145	1.9700575	-1.6357535	-0.7134134	1.0837868	-1.6945033	-0.1817917	0.32986525	-0.30791813	-0.7342361	-2.0239975	2.6359894	-0.7280987	0.73777455	-1.2760737	-1.0639644	0.09671303	-3.082955	-2.2820942	-0.80860484	-0.42129967	0.23611748	0.07553399	2.1372664	2.535503	0.14890012	-0.5774588	-0.07192551	0.5482452	0.38187885	-0.38281998	-3.605681	-2.1299925	0.5808888	1.924142	0.44160455	-0.6861901	-0.2332612	-2.4103436	0.24479091	-1.8365017
19	1.3124294	-1.8311113	-1.0282143	0.5856943	-0.42331907	3.1489644	-0.11609953	-2.142881	-0.8148855	-3.8009095	-0.883745	-0.99076146	-0.01750985	-0.44157776	-0.5541601	1.7852762	-1.4606872	-0.7266468	0.9726717	-1.5231749	-0.08452852	0.27305272	-0.27326432	-0.6178499	-1.8571718	2.40515	-0.74291253	0.59944594	-1.1365463	-0.9741974	0.029916236	-2.670047	-2.0357542	-0.68213457	-0.3280144	0.15463857	0.008728308	1.8958809	2.2643158	0.20188615	-0.4787617	-0.10013824	0.53213024	0.3770348	-0.39679584	-3.1662414	-1.9068335	0.5221872	1.7692603	0.44061902	-0.6314063	-0.17658328	-2.1542196	0.22745991	-1.6694607
20	1.4370301	-1.9578185	-1.1083384	0.5767533	-0.40243405	3.3079345	-0.11111142	-2.2246473	-0.8499973	-3.9753451	-0.9491051	-1.023307	0.012443966	-0.49015218	-0.54608977	1.8859162	-1.5407369	-0.65901315	0.97995085	-1.5766246	-0.14453495	0.29607	-0.2914396	-0.6783366	-1.9062349	2.5105379	-0.69435745	0.66320676	-1.185134	-0.9903627	0.06884778	-2.882706	-2.1365488	-0.75375426	-0.41300297	0.21539755	0.047238976	2.015093	2.3739967	0.16468836	-0.52339983	-0.056397047	0.54587483	0.36146542	-0.37860304	-3.3657794	-1.9814476	0.53824824	1.8260022	0.44131777	-0.6462102	-0.199235	-2.280521	0.24458978	-1.705317
21	1.4462796	-1.914612	-1.096885	0.54895073	-0.41896337	3.2382736	-0.093916915	-2.1702387	-0.84244144	-3.9318352	-0.92407143	-0.933358	0.0006947974	-0.47911105	-0.5559295	1.8305947	-1.5533804	-0.6356781	0.97350985	-1.5603191	-0.20498367	0.3222526	-0.24787104	-0.6950913	-1.8643738	2.4890122	-0.693331	0.6706426	-1.1881895	-0.98559433	0.042111345	-2.8438535	-2.1308942	-0.72707003	-0.41573426	0.24701053	0.03952456	2.0089724	2.3362024	0.17511627	-0.5129592	-0.06009375	0.5362084	0.3633085	-0.3588899	-3.3398683	-1.9480022	0.5666392	1.7815219	0.44650307	-0.61796534	-0.23181625	-2.2455087	0.21136843	-1.6788231
22	1.4566138	-1.9560194	-1.1106215	0.5964451	-0.4607043	3.3651516	-0.11243068	-2.2607439	-0.8534134	-4.078005	-1.0014275	-1.0113499	0.016100321	-0.48459876	-0.6023546	1.9423343	-1.5998709	-0.6573712	0.98780304	-1.6632408	-0.20324145	0.30171227	-0.2648883	-0.69903	-1.9682571	2.5741627	-0.6959939	0.7122641	-1.1981218	-1.0217816	0.069591366	-2.9875362	-2.1955109	-0.7797191	-0.44259787	0.22911727	0.010295955	2.0948145	2.4570336	0.14444755	-0.5472809	-0.09435005	0.53546804	0.36678326	-0.41133007	-3.4639857	-2.0339432	0.5591823	1.8350136	0.48882675	-0.63888663	-0.21641824	-2.3348584	0.2530836	-1.7520313
23	1.3470932	-1.8758904	-1.0563998	0.55611384	-0.41124615	3.1572115	-0.09616058	-2.1445043	-0.8031813	-3.8126757	-0.8852677	-0.97328085	-0.015940461	-0.4622991	-0.54537946	1.7768681	-1.4926829	-0.6667165	0.9526804	-1.5212425	-0.13041154	0.2695027	-0.26733562	-0.65233153	-1.8473572	2.4475455	-0.72871906	0.63602775	-1.1566881	-0.99061996	0.046274588	-2.6993215	-2.059683	-0.6933737	-0.3739778	0.20329161	0.054763414	1.8835522	2.240647	0.17193522	-0.48912907	-0.059635237	0.53611684	0.3823695	-0.36769477	-3.203538	-1.9021134	0.5680698	1.7492435	0.41222954	-0.6345649	-0.18484847	-2.1863854	0.22299042	-1.6631
24	1.427977	-1.9355325	-1.1169319	0.60007894	-0.41251692	3.2979968	-0.11620969	-2.1932375	-0.8820089	-3.972519	-0.9403026	-1.0123051	-0.014965746	-0.48561388	-0.53460497	1.9097005	-1.5350174	-0.68492043	0.9873632	-1.593565	-0.13828105	0.31866124	-0.29044315	-0.684248	-1.9310882	2.4953797	-0.7035872	0.6314316	-1.2026765	-0.9851566	0.04749143	-2.8765109	-2.1629875	-0.763027	-0.38236484	0.19947614	0.028812949	2.0220177	2.4176307	0.1734919	-0.48831335	-0.07085602	0.5542025	0.3719847	-0.3816747	-3.3664665	-2.0022452	0.5400961	1.842823	0.4494016	-0.63033444	-0.19528982	-2.3047466	0.26100543	-1.7283804
25	1.364745	-1.8632567	-1.0913905	0.6042678	-0.4464964	3.1914036	-0.118810415	-2.131071	-0.860655	-3.860232	-0.8958033	-0.9979163	-0.014981038	-0.5006539	-0.5486419	1.8649657	-1.485881	-0.7089702	0.98361313	-1.5676625	-0.12897123	0.28717563	-0.28218764	-0.64479387	-1.9036846	2.4394107	-0.69087774	0.6177041	-1.1937284	-0.9935716	0.023850912	-2.768806	-2.0898488	-0.70372444	-0.33183238	0.17653665	0.0014057179	1.9501364	2.3495998	0.19072318	-0.46189705	-0.08754379	0.5388984	0.39181083	-0.39819908	-3.2701457	-1.9666373	0.52592266	1.803081	0.42699254	-0.6232877	-0.18939783	-2.2298813	0.24854605	-1.6863755
26	1.4794207	-1.9865105	-1.1592649	0.58216715	-0.41496527	3.366462	-0.13314115	-2.2455974	-0.9105406	-4.124698	-0.9761565	-1.0238993	-0.044390935	-0.54573494	-0.54054296	1.9563881	-1.6420572	-0.6885858	1.0280241	-1.671344	-0.20801297	0.33925965	-0.27616367	-0.7343032	-2.0009935	2.590155	-0.7108375	0.6961469	-1.2543786	-1.0214458	0.06614619	-3.009244	-2.2431529	-0.8025288	-0.4036988	0.2421035	0.069973595	2.0660965	2.5096147	0.1518723	-0.5249597	-0.089393385	0.56604964	0.37484872	-0.40028685	-3.53525	-2.06513	0.5979378	1.8876127	0.4680576	-0.6304569	-0.24128191	-2.3785818	0.2545621	-1.7664881
27	1.5164655	-2.044658	-1.1838759	0.62379754	-0.41067913	3.474799	-0.15110046	-2.3165224	-0.9488046	-4.2898045	-1.0320926	-1.0711193	-0.07033789	-0.5257287	-0.53307444	2.0727856	-1.6794982	-0.7071308	1.0562053	-1.743708	-0.21133973	0.35832214	-0.29226038	-0.75471085	-2.0760622	2.6560261	-0.7163584	0.7142156	-1.2575548	-1.0208375	0.092678405	-3.130305	-2.3336298	-0.8518641	-0.44559017	0.2297802	0.07299899	2.13025	2.6450622	0.14300896	-0.5272234	-0.1094603	0.56759965	0.36359164	-0.41162616	-3.6644127	-2.1484737	0.5836356	1.953578	0.50452614	-0.6298347	-0.23392804	-2.5046136	0.29945818	-1.8243682
28	1.3242313	-1.7811065	-1.0227748	0.58557934	-0.4259003	3.060635	-0.13425134	-2.0717425	-0.8287513	-3.7401083	-0.82477254	-0.95011914	-0.023458634	-0.43512252	-0.5249153	1.7999209	-1.4509532	-0.6464561	0.9320138	-1.4597507	-0.13507925	0.27432686	-0.2453366	-0.59498113	-1.800001	2.3574955	-0.6906635	0.5666617	-1.1209261	-0.9331325	-0.00030451966	-2.6642916	-2.0122156	-0.6653597	-0.35836577	0.15440261	0.0031081687	1.8477776	2.231664	0.20971414	-0.42438114	-0.092557125	0.5204155	0.34385887	-0.37422186	-3.1209323	-1.8512968	0.50273484	1.7466618	0.43978417	-0.56073326	-0.171589	-2.1385164	0.25267673	-1.5721138
29	1.3212237	-1.7368587	-1.0343364	0.5505394	-0.3947929	2.9565024	-0.10424631	-1.9963738	-0.8257304	-3.6473434	-0.8500496	-0.9075908	-0.030288227	-0.45865434	-0.48214015	1.7315185	-1.4410125	-0.61860293	0.9177457	-1.4397237	-0.17401944	0.26250604	-0.24278106	-0.61534655	-1.7761382	2.2979195	-0.64759326	0.5734478	-1.1152587	-0.88245064	0.013581917	-2.6113672	-1.979268	-0.6908007	-0.34408388	0.18364762	0.033684626	1.8100489	2.185211	0.15309918	-0.41785777	-0.060276885	0.5143148	0.3564642	-0.36439753	-3.0773942	-1.8357701	0.52164704	1.6739676	0.43101442	-0.5628732	-0.17832683	-2.1188707	0.25826758	-1.5694523
30	1.4191769	-1.9306911	-1.1120849	0.5726724	-0.37767312	3.2498224	-0.09683267	-2.1572306	-0.8712635	-3.9172347	-0.9407746	-0.98389107	-0.020172298	-0.49016473	-0.5187621	1.8635203	-1.5332968	-0.68104976	0.9956626	-1.5791575	-0.1621395	0.33198577	-0.29650667	-0.6811771	-1.9016616	2.450919	-0.6947975	0.63143414	-1.2062141	-0.965198	0.06944161	-2.833862	-2.1497767	-0.7597615	-0.37140518	0.22071178	0.04946761	1.9796284	2.3759704	0.17087619	-0.49800217	-0.07044797	0.54974407	0.3712813	-0.37597555	-3.3469715	-1.9640044	0.5460247	1.8119249	0.43405563	-0.63162446	-0.21517035	-2.2769592	0.23085067	-1.7200876
31	1.4953684	-2.0381079	-1.1489645	0.56390864	-0.42039168	3.4291668	-0.11986125	-2.3267798	-0.85434395	-4.129323	-0.9752223	-1.0435685	0.0055678813	-0.5397649	-0.5762208	1.9280792	-1.6131955	-0.69807094	1.0603038	-1.6394899	-0.19184804	0.31371891	-0.270632	-0.72575974	-1.9698336	2.636793	-0.73013663	0.7422084	-1.27523	-1.0630534	0.08647915	-3.0148141	-2.2407718	-0.77010435	-0.432702	0.27672943	0.075746164	2.1046383	2.4354606	0.17576781	-0.6038699	-0.06435971	0.53455555	0.3874311	-0.3776031	-3.5317783	-2.0511663	0.60682094	1.8924447	0.41863236	-0.682118	-0.22113937	-2.3114965	0.18647978	-1.7674395
32	1.4219995	-1.9084909	-1.1191639	0.5934096	-0.4046351	3.2318597	-0.09607537	-2.160778	-0.8756012	-3.9520338	-0.94696856	-0.9817965	-0.009382116	-0.5220061	-0.51313496	1.8999461	-1.5504344	-0.6667842	0.97633773	-1.5888513	-0.18530586	0.3270696	-0.30986753	-0.6990704	-1.9260075	2.4738057	-0.6772374	0.651777	-1.2031518	-0.9668983	0.055681366	-2.8499346	-2.154987	-0.7669702	-0.3775202	0.20310912	0.059507977	1.9746768	2.4090044	0.16315128	-0.48372215	-0.06660459	0.5585467	0.36459163	-0.39765802	-3.3676355	-1.9865917	0.5538269	1.8247457	0.4578457	-0.6106333	-0.21405685	-2.3060722	0.25339243	-1.6988769
33	1.437012	-1.886643	-1.1402227	0.595576	-0.38400704	3.1659782	-0.09065284	-2.0964816	-0.8700121	-3.843451	-0.9318758	-0.94652194	0.005795691	-0.47351426	-0.5355224	1.8768785	-1.4877934	-0.6358501	0.9608307	-1.5240158	-0.21524644	0.3518978	-0.27656946	-0.6795659	-1.840031	2.4118237	-0.6423832	0.611391	-1.1815684	-0.97134316	0.03882787	-2.8364253	-2.1052754	-0.704165	-0.39807045	0.2286998	0.033814367	1.9972459	2.3596647	0.15254335	-0.4552214	-0.023221167	0.49375916	0.35407224	-0.35734603	-3.293334	-1.9669033	0.5245803	1.7920117	0.42128995	-0.5997522	-0.19333968	-2.2372425	0.26340988	-1.656799
34	1.2292311	-1.7411181	-0.97168535	0.55492824	-0.44631314	3.0096622	-0.12168483	-2.0451353	-0.75531304	-3.6325755	-0.8160173	-0.9430594	-0.027849756	-0.41047043	-0.5551682	1.6913075	-1.4046497	-0.67999154	0.91138387	-1.4322517	-0.08698346	0.21323681	-0.24983163	-0.5626778	-1.7731286	2.3311517	-0.7317068	0.57700586	-1.087753	-0.95542586	0.025651982	-2.5218825	-1.9514985	-0.6242922	-0.31838652	0.15263346	0.0058457963	1.7553269	2.1171694	0.21060203	-0.4483286	-0.09853021	0.51352763	0.37317854	-0.36910146	-2.9876359	-1.812536	0.5318654	1.6643584	0.40940505	-0.60097575	-0.15667017	-2.0563457	0.2194533	-1.6035367
35	1.4793798	-2.0160058	-1.1795421	0.59344846	-0.4204445	3.3999634	-0.10672546	-2.2917912	-0.8758552	-4.1457047	-0.9837889	-1.0169233	0.0019476023	-0.55467975	-0.5868079	1.9299163	-1.6164262	-0.7260943	1.0600516	-1.6704249	-0.1872492	0.32701713	-0.2862424	-0.7082836	-1.975743	2.5997488	-0.7341556	0.70617664	-1.2536052	-1.0745697	0.071319595	-2.990973	-2.249592	-0.7504724	-0.38169792	0.24422537	0.07396601	2.0835679	2.477035	0.17203635	-0.5476225	-0.05827063	0.5491812	0.40499845	-0.3740862	-3.51267	-2.0923505	0.6035162	1.8786713	0.41901216	-0.688407	-0.22324628	-2.3541384	0.21677697	-1.8147082
36	1.4098042	-1.8748139	-1.0812278	0.57118326	-0.38879994	3.187341	-0.10086389	-2.1459603	-0.8609764	-3.8909035	-0.93381345	-0.96675205	-0.015630454	-0.50112456	-0.50753635	1.856013	-1.5203673	-0.6564464	0.96380144	-1.5777419	-0.16753678	0.3048706	-0.27470356	-0.677454	-1.8938444	2.4230301	-0.6672781	0.6484361	-1.1614854	-0.9494284	0.06616041	-2.8277078	-2.1135855	-0.7599782	-0.37998894	0.22211267	0.04951243	1.9629505	2.3603344	0.16218625	-0.5071263	-0.08711166	0.5355392	0.35293883	-0.37699986	-3.3284805	-1.9506866	0.5249906	1.7825724	0.44566426	-0.5993983	-0.21371761	-2.250816	0.23659998	-1.6838664
37	1.4752337	-1.942731	-1.1279603	0.6001869	-0.41819775	3.3164012	-0.12243908	-2.2100046	-0.9025742	-4.015355	-0.9717767	-1.016962	-0.017405067	-0.512436	-0.5224065	1.9381397	-1.5685978	-0.6772076	0.9989888	-1.651758	-0.14578038	0.34058473	-0.27327132	-0.7139176	-1.9672177	2.503528	-0.67562836	0.66297287	-1.2157329	-0.98161495	0.06042053	-2.9483287	-2.1801627	-0.79657024	-0.40038705	0.22935168	0.027578013	2.0719216	2.47451	0.15131932	-0.51270264	-0.08635656	0.55188704	0.36330965	-0.37820196	-3.448954	-2.0248504	0.5280708	1.8683343	0.45810485	-0.634375	-0.21502256	-2.3406124	0.26646164	-1.7258646
38	1.4495848	-1.9675571	-1.1365242	0.5949976	-0.42068845	3.3479319	-0.10964454	-2.2108834	-0.8871554	-4.038184	-0.9626139	-0.9756986	-0.009762283	-0.47246483	-0.57502705	1.9299157	-1.5509373	-0.6900416	1.0086062	-1.6381123	-0.1762496	0.34731108	-0.28504544	-0.7048469	-1.931417	2.5276191	-0.7105982	0.6579812	-1.2176305	-1.0227122	0.050461926	-2.937332	-2.2004144	-0.7394347	-0.3924463	0.20878583	0.016662126	2.0736623	2.4596527	0.18914285	-0.5026725	-0.080050886	0.5320739	0.37582797	-0.37533692	-3.4370294	-2.0230515	0.54337794	1.8516405	0.46250346	-0.61930704	-0.2341291	-2.327011	0.22614239	-1.748872
39	1.2834326	-1.7876198	-1.0144988	0.5483275	-0.39839292	3.0384996	-0.09240839	-2.0550246	-0.7701431	-3.6587412	-0.8593841	-0.943068	-0.006134625	-0.44865927	-0.5314535	1.7168347	-1.4151653	-0.6570814	0.92315996	-1.4677397	-0.110139124	0.24796909	-0.27268344	-0.6077996	-1.7739631	2.3349354	-0.68639565	0.6099618	-1.1057316	-0.9568403	0.046620343	-2.5976415	-1.972998	-0.66428584	-0.33938974	0.18791175	0.037672605	1.8188624	2.1669474	0.16918264	-0.46650526	-0.06352074	0.5048586	0.37308753	-0.35593447	-3.0738988	-1.842632	0.52392143	1.6786841	0.3918054	-0.6199958	-0.17247376	-2.1036859	0.22218293	-1.6133491
40	1.3503033	-1.8037361	-1.0086454	0.5306135	-0.39066204	3.0466883	-0.10451085	-2.0544348	-0.8579975	-3.7333713	-0.8751525	-0.9425277	-0.037009723	-0.45199722	-0.47286105	1.7591158	-1.4593993	-0.6452092	0.9465907	-1.47391	-0.14748289	0.3023354	-0.25130016	-0.65325356	-1.8243973	2.3332202	-0.6684366	0.6109908	-1.1279844	-0.88539565	0.04594256	-2.6793265	-2.019009	-0.7298968	-0.3821166	0.1743918	0.018991124	1.8710216	2.2734206	0.17128895	-0.4653768	-0.094915934	0.52027166	0.32393506	-0.37308738	-3.1811821	-1.8698505	0.49471414	1.7257066	0.45524547	-0.5629482	-0.20711224	-2.1592124	0.25620216	-1.5831048
41	1.3770357	-1.8184776	-1.05184	0.5760429	-0.41034147	3.1090972	-0.09888939	-2.0729737	-0.8802912	-3.7763708	-0.901916	-0.94099826	-0.03273242	-0.46754044	-0.50346696	1.8179584	-1.4695586	-0.6511034	0.96143216	-1.5496727	-0.16089697	0.32359	-0.2599016	-0.6476842	-1.871012	2.3283932	-0.65817803	0.5918193	-1.1639135	-0.9199092	0.043458126	-2.775059	-2.0446653	-0.7373646	-0.36478546	0.1906574	-0.012925117	1.9318057	2.322343	0.17506196	-0.46149716	-0.110541075	0.5159563	0.3301131	-0.37104598	-3.2330709	-1.8946669	0.47897622	1.7795784	0.44695428	-0.5604343	-0.21363957	-2.192368	0.2598285	-1.6302029
42	1.4808348	-1.9578567	-1.1262289	0.5842987	-0.39307213	3.3107285	-0.12547076	-2.230522	-0.90983844	-4.0742064	-0.9913811	-0.9995033	-0.040891435	-0.51765436	-0.5133209	1.9448059	-1.6134906	-0.67280114	1.0365238	-1.6859215	-0.18357983	0.36570698	-0.27219495	-0.7380903	-1.9758861	2.5167499	-0.6816133	0.69789064	-1.2315913	-0.9763271	0.078061715	-3.004892	-2.2122364	-0.82865417	-0.41411182	0.22541396	0.049225856	2.0834317	2.5180602	0.137484	-0.53917605	-0.113737084	0.5438807	0.3477119	-0.39528912	-3.5331807	-2.028185	0.535891	1.8826029	0.49246994	-0.61500424	-0.2526281	-2.3653228	0.24751797	-1.721003
43	1.3128244	-1.822905	-1.0492275	0.5425982	-0.41461506	3.1056156	-0.11601173	-2.0968764	-0.78169215	-3.7438042	-0.8695825	-0.964792	-0.020617973	-0.4572436	-0.5578467	1.7451328	-1.4517047	-0.6872363	0.9693095	-1.4934776	-0.13998929	0.26740405	-0.2597438	-0.6236948	-1.8049484	2.3967502	-0.70243186	0.6410768	-1.1492559	-0.9971344	0.05791113	-2.6824667	-2.0210571	-0.6684407	-0.34272024	0.20772186	0.027401857	1.8682947	2.206076	0.17315836	-0.4905946	-0.07237208	0.47816396	0.36940643	-0.3580122	-3.1517382	-1.8851142	0.5474792	1.722876	0.39024875	-0.63032097	-0.17378497	-2.1219506	0.22101207	-1.6434127
44	1.4792345	-1.993129	-1.132627	0.56886786	-0.4145045	3.3017957	-0.12883057	-2.2616215	-0.8766773	-4.0847425	-0.9604802	-1.0230231	-0.012469443	-0.5658163	-0.5199695	1.9121256	-1.6051176	-0.67359656	1.0100708	-1.5921483	-0.17289063	0.30436963	-0.27166364	-0.71394235	-1.93997	2.5448716	-0.6752666	0.70778495	-1.2123897	-0.99005824	0.08675121	-2.9388604	-2.1916525	-0.76752096	-0.43896976	0.22379969	0.08773961	2.050617	2.4474916	0.14111379	-0.5583314	-0.061194375	0.5686239	0.3551345	-0.38339928	-3.4605691	-2.0527213	0.54914516	1.8496648	0.43803164	-0.6538632	-0.2060342	-2.303603	0.23813014	-1.7067319
45	1.4991053	-2.02828	-1.1666468	0.6095597	-0.41277912	3.4274316	-0.11683651	-2.3111143	-0.9088974	-4.150851	-0.9989499	-1.0588524	-0.0061408053	-0.5193499	-0.55506843	1.9638557	-1.6152146	-0.7229753	1.0468483	-1.6744977	-0.124688864	0.33003727	-0.29317957	-0.713712	-2.0085812	2.5886292	-0.7311758	0.683288	-1.2451575	-1.0303638	0.07275402	-3.0028644	-2.2542994	-0.8030966	-0.3981592	0.22477959	0.046679255	2.1136754	2.5196955	0.16203292	-0.5444359	-0.07767803	0.5714029	0.38540554	-0.3866733	-3.5395808	-2.094832	0.5590458	1.9073633	0.45719695	-0.69169986	-0.20736268	-2.3972743	0.26146477	-1.817109
46	1.4966991	-2.0264292	-1.1821002	0.6136479	-0.41311818	3.4122663	-0.12517731	-2.298181	-0.90497553	-4.1551056	-0.996829	-1.0564339	-0.011548916	-0.54059434	-0.55205476	1.9795191	-1.6233857	-0.7165244	1.048082	-1.6676879	-0.1657859	0.32441702	-0.30345622	-0.7138936	-2.0068412	2.6037936	-0.7228126	0.68785673	-1.2546947	-1.0373869	0.07296773	-3.0050504	-2.2631524	-0.79048413	-0.39750665	0.23222855	0.06626303	2.084652	2.51383	0.16189551	-0.5344925	-0.07255136	0.5704369	0.38978478	-0.39898154	-3.5388665	-2.1036367	0.5805722	1.9106432	0.4452938	-0.6746409	-0.20742275	-2.395176	0.25839	-1.8091246
47	1.4742326	-1.9809326	-1.1547735	0.62109846	-0.41784385	3.3487666	-0.09739049	-2.2611346	-0.8970528	-4.057807	-0.94211245	-1.0239376	0.015031432	-0.49701995	-0.5653955	1.9475298	-1.5843056	-0.6943775	1.0289465	-1.6106138	-0.1681543	0.3381528	-0.29918474	-0.6880453	-1.9418788	2.56767	-0.7216353	0.652557	-1.2441384	-1.0231873	0.033313807	-2.9353087	-2.2157292	-0.75633556	-0.4051175	0.20393372	0.035242364	2.0607753	2.4635406	0.17742419	-0.4846762	-0.044771045	0.5504821	0.38800782	-0.39765507	-3.4554024	-2.0364077	0.5617489	1.8869563	0.46551436	-0.6594492	-0.19629426	-2.3593194	0.26485607	-1.741052
48	1.37777	-1.848803	-1.072609	0.5887522	-0.4415255	3.1849759	-0.12623043	-2.140109	-0.8549731	-3.8501804	-0.89129955	-0.988585	-0.008114283	-0.4396701	-0.5459334	1.8508241	-1.4963152	-0.668276	0.9633051	-1.554198	-0.13024987	0.3035105	-0.25971434	-0.65150166	-1.8816339	2.4446914	-0.7045223	0.60205	-1.1702701	-0.96940476	0.008066105	-2.7873197	-2.0791295	-0.7154015	-0.37577623	0.16823521	-0.015270303	1.9480735	2.3223917	0.17214672	-0.45162207	-0.08924253	0.5235203	0.36014464	-0.386488	-3.2611113	-1.9105655	0.5275413	1.8012997	0.46690705	-0.5997937	-0.18541785	-2.2276287	0.27627364	-1.636111
49	1.47228	-1.9950597	-1.158232	0.5892666	-0.38347405	3.369036	-0.11668139	-2.2563035	-0.8805093	-4.0651517	-0.99200094	-1.0278189	-0.0025738182	-0.5144891	-0.5510267	1.9315314	-1.58924	-0.6906061	1.0360326	-1.6538724	-0.15941852	0.33893198	-0.30207828	-0.70567685	-1.9531635	2.5385277	-0.70401216	0.6893814	-1.2347538	-1.0233488	0.08645344	-2.984936	-2.2120059	-0.79557365	-0.39321706	0.2377856	0.064078875	2.0796711	2.4783905	0.14955713	-0.53707486	-0.06805477	0.53591317	0.3745755	-0.37197793	-3.4940193	-2.0455203	0.557515	1.876013	0.44690657	-0.670708	-0.22625877	-2.356936	0.24207793	-1.7721746
50	1.4500808	-1.9561017	-1.1069748	0.6248434	-0.4547997	3.380282	-0.1368642	-2.2594228	-0.90547925	-4.102675	-0.9494795	-1.0271336	-0.036686897	-0.48078343	-0.54098326	1.9650736	-1.5767531	-0.69127756	1.006664	-1.6492447	-0.114642724	0.2968225	-0.2882845	-0.6876537	-1.9835021	2.5600884	-0.73254836	0.65591574	-1.2077975	-1.0030338	0.043076076	-2.944744	-2.2229836	-0.78053373	-0.4053051	0.19722621	0.010003445	2.042975	2.5020208	0.20275673	-0.48987657	-0.11622653	0.581183	0.37225845	-0.38545334	-3.4612763	-2.055165	0.53395456	1.885179	0.47795722	-0.6214754	-0.21239856	-2.398496	0.2809201	-1.7645295
51	1.4392644	-1.9396572	-1.1246169	0.58638376	-0.4082401	3.2878587	-0.10277251	-2.2115073	-0.8605581	-3.9638114	-0.9474001	-0.9993747	0.009664603	-0.49513063	-0.5582821	1.8743856	-1.545785	-0.6726469	0.99909765	-1.598876	-0.1462307	0.30309588	-0.28113306	-0.6734898	-1.9065775	2.4968162	-0.7040116	0.6508817	-1.2031006	-1.012057	0.047947727	-2.882181	-2.1455584	-0.7444064	-0.38089734	0.21867539	0.03638875	2.0185058	2.3740494	0.16461885	-0.5078324	-0.06317838	0.53899413	0.38015813	-0.37098697	-3.371091	-1.9898367	0.5478508	1.8259134	0.4300067	-0.65011466	-0.20278789	-2.2802582	0.2430988	-1.7267573
52	1.4770981	-1.9853773	-1.1751435	0.61803615	-0.3951515	3.3909278	-0.121619605	-2.2606816	-0.9123488	-4.110728	-1.0030735	-1.0353708	-0.012316953	-0.5178205	-0.5392483	1.9634261	-1.5829593	-0.7156419	1.0394458	-1.661937	-0.15663727	0.33825457	-0.31227562	-0.71498257	-1.9942629	2.5465002	-0.7234597	0.6601733	-1.2461988	-1.0026382	0.060276654	-3.0007472	-2.245339	-0.8014725	-0.38107285	0.23159368	0.040466215	2.097991	2.5226586	0.16406184	-0.52065265	-0.08666254	0.5651129	0.38404796	-0.4011504	-3.5190237	-2.0787487	0.5601382	1.9009517	0.46272472	-0.65523916	-0.21606858	-2.3870728	0.26341665	-1.8143413
53	1.0509136	-1.5426577	-0.8378284	0.5029438	-0.45768768	2.6754518	-0.102571584	-1.8402421	-0.64801943	-3.2249637	-0.7060355	-0.85841334	-0.043483127	-0.3242084	-0.54691064	1.4596797	-1.2505213	-0.65601397	0.8499665	-1.2546688	-0.035540134	0.14875126	-0.20810406	-0.46270669	-1.5810989	2.1205394	-0.7075847	0.5005731	-0.98192835	-0.8998856	0.010240436	-2.1727326	-1.726197	-0.498099	-0.25733262	0.10063862	-0.040433984	1.5031971	1.8143133	0.2160252	-0.40228146	-0.09910931	0.44537634	0.35643372	-0.34521854	-2.5924294	-1.6180797	0.48985216	1.4708376	0.35382915	-0.56528085	-0.108874515	-1.789988	0.19799244	-1.4478134
54	1.098797	-1.5865468	-0.84814054	0.50375086	-0.44834498	2.734432	-0.14042664	-1.8879558	-0.6964536	-3.3235927	-0.73681706	-0.8909084	-0.055003233	-0.34843975	-0.5265822	1.5155357	-1.2905774	-0.6766293	0.8715933	-1.3131403	-0.022086931	0.19463664	-0.2092147	-0.5073127	-1.6404595	2.1466265	-0.7126418	0.52078784	-0.99689865	-0.88896745	0.01585097	-2.2723188	-1.75408	-0.5575763	-0.27274454	0.0772958	-0.0432024	1.5963387	1.923496	0.19720268	-0.421812	-0.12744409	0.46352485	0.3318184	-0.35974818	-2.6970072	-1.665309	0.46260816	1.5504537	0.39763463	-0.55513686	-0.12933542	-1.8348424	0.21509789	-1.4398654
55	0.967945	-1.4318116	-0.77785933	0.46651712	-0.44538063	2.504012	-0.11264855	-1.7115363	-0.6061245	-3.0183282	-0.66776437	-0.8073721	-0.055450886	-0.29984975	-0.52353543	1.364013	-1.1774346	-0.6368221	0.7935688	-1.1946542	-0.022457141	0.13563207	-0.18846276	-0.43712822	-1.49482	1.9934576	-0.6698141	0.46682376	-0.9139033	-0.85559654	0.0023074714	-2.0236273	-1.6035738	-0.4592351	-0.2241739	0.08669686	-0.046765357	1.4079958	1.7007211	0.19372934	-0.3716423	-0.10937278	0.41681224	0.3404485	-0.32479233	-2.417437	-1.521662	0.46618682	1.3770844	0.33710662	-0.53274846	-0.10548312	-1.6642069	0.19385682	-1.3562686
56	0.97254837	-1.4080234	-0.7640099	0.45401162	-0.39657837	2.4240797	-0.10794748	-1.6638087	-0.601974	-2.9450958	-0.655576	-0.7758827	-0.041053176	-0.3098068	-0.47211903	1.3464793	-1.1369126	-0.58037394	0.7637828	-1.1474074	-0.04565095	0.15751469	-0.1941374	-0.44905004	-1.4405777	1.9156706	-0.62607807	0.4642806	-0.87799466	-0.79093736	0.016432296	-2.0103085	-1.5701778	-0.4773503	-0.25194082	0.09556811	-0.02595299	1.395373	1.6979933	0.17984274	-0.3707384	-0.090339184	0.4092344	0.30525446	-0.3139395	-2.3891003	-1.4849848	0.42932117	1.348	0.33825514	-0.4926235	-0.11588029	-1.6476135	0.18420605	-1.2941165
57	1.1487889	-1.6225878	-0.90235907	0.49810484	-0.40928796	2.7754955	-0.11347241	-1.8852273	-0.7233092	-3.3661604	-0.76862586	-0.87239313	-0.045786634	-0.37428382	-0.5057646	1.552913	-1.3105576	-0.64521194	0.86329216	-1.3323045	-0.08168437	0.21266824	-0.22255088	-0.54060024	-1.6610644	2.153389	-0.68445146	0.5238401	-1.0244669	-0.8722621	0.020751271	-2.3466847	-1.8052582	-0.58704627	-0.28914043	0.12959956	-0.011990932	1.6404598	1.9626853	0.1858555	-0.42626265	-0.106725216	0.47822896	0.34121138	-0.35215575	-2.7905412	-1.6783917	0.48578832	1.5522226	0.39729047	-0.54724026	-0.1603639	-1.8934971	0.20535317	-1.4769719
58	1.1194724	-1.613188	-0.894069	0.5180777	-0.46311185	2.7909195	-0.10679918	-1.8998084	-0.6862404	-3.370298	-0.7506111	-0.8741328	-0.03117942	-0.37001586	-0.5608213	1.5419214	-1.3069466	-0.65564317	0.8563964	-1.3259798	-0.06603466	0.16971526	-0.22337224	-0.5064194	-1.6508577	2.1967146	-0.70481855	0.53320754	-1.0208353	-0.9318959	0.007201771	-2.3047516	-1.7976425	-0.534167	-0.2758267	0.11637728	-0.02586386	1.6091014	1.9207507	0.20730658	-0.41503906	-0.094413795	0.47424278	0.3693867	-0.35292366	-2.7343488	-1.6918834	0.504122	1.5336064	0.37493128	-0.5717955	-0.13789904	-1.8810444	0.20164976	-1.4964855
59	0.99378145	-1.4594985	-0.79790026	0.4796958	-0.48106992	2.555258	-0.10349569	-1.7353998	-0.6029098	-3.0755723	-0.6656441	-0.80595756	-0.04223513	-0.31958526	-0.54508334	1.3869468	-1.2018414	-0.62102574	0.8014138	-1.2061253	-0.05274252	0.121716045	-0.20102929	-0.42531872	-1.5177006	2.0471995	-0.6700103	0.4948722	-0.9497161	-0.879059	0.0051435954	-2.047103	-1.6443855	-0.46142602	-0.23590931	0.09305015	-0.05047832	1.4086775	1.704179	0.20848905	-0.3630603	-0.09252515	0.42350832	0.35454512	-0.32681802	-2.4306152	-1.5422348	0.4833923	1.3901751	0.32570502	-0.54065883	-0.0950112	-1.7108978	0.19257995	-1.3880973
60	1.1431376	-1.6428899	-0.9053215	0.5274896	-0.45605302	2.8454292	-0.13095066	-1.9511255	-0.70461416	-3.4586475	-0.77553064	-0.9077121	-0.045182467	-0.36905184	-0.5472882	1.5852724	-1.335301	-0.6707798	0.8755009	-1.3493762	-0.058965325	0.17623293	-0.22282282	-0.5313397	-1.6940432	2.248154	-0.72839767	0.54783875	-1.0244141	-0.92722136	0.011518864	-2.361657	-1.8394327	-0.5672651	-0.29556474	0.1219785	-0.012887612	1.6459405	1.9845072	0.19898294	-0.42935577	-0.10313728	0.48442122	0.36259866	-0.3593526	-2.8038733	-1.7387605	0.51665545	1.5755421	0.39376548	-0.57793754	-0.13327062	-1.931106	0.22126928	-1.5242605
61	1.0672683	-1.5527561	-0.8418753	0.48851958	-0.4473475	2.6767945	-0.117334776	-1.8424025	-0.6606653	-3.254554	-0.72311735	-0.85252357	-0.050550584	-0.3499577	-0.5364486	1.4622043	-1.2751584	-0.66237026	0.8503882	-1.2850008	-0.04597816	0.15540257	-0.19610542	-0.4799982	-1.6030731	2.1274621	-0.7088385	0.5133757	-0.98109704	-0.89642864	0.0090084765	-2.1873972	-1.7351263	-0.51410097	-0.25546765	0.105866216	-0.021517418	1.5260605	1.8345269	0.19328894	-0.40606242	-0.107464485	0.4569176	0.3622018	-0.33741486	-2.6173944	-1.6331394	0.49752963	1.4752555	0.3526586	-0.56531477	-0.12067625	-1.7977074	0.19340585	-1.4524366
62	0.99483573	-1.430675	-0.7893809	0.46396577	-0.4303137	2.487795	-0.118780114	-1.7146664	-0.62668896	-3.0373971	-0.6630981	-0.79402524	-0.055470612	-0.3273922	-0.50025517	1.3629448	-1.1759998	-0.6312145	0.7958723	-1.1766292	-0.04228872	0.15337199	-0.1867046	-0.45990792	-1.4975342	1.9786197	-0.66954654	0.47293556	-0.9174614	-0.8305083	-0.0065670707	-2.0478172	-1.6038525	-0.47381517	-0.2304348	0.096898526	-0.042167187	1.441178	1.7291759	0.19856821	-0.37771147	-0.10903831	0.42728776	0.325029	-0.329906	-2.445353	-1.5369357	0.45489454	1.3972689	0.34929782	-0.5114508	-0.118722856	-1.6679443	0.19014719	-1.3458117
63	1.0273477	-1.4821807	-0.8091201	0.4709516	-0.44748056	2.5558956	-0.114529766	-1.7516103	-0.63705266	-3.1145797	-0.67768407	-0.8124277	-0.046589468	-0.3367545	-0.5099114	1.4047936	-1.2081739	-0.6190563	0.80002964	-1.1953846	-0.058995873	0.1416386	-0.18857001	-0.46060893	-1.5334496	2.042925	-0.6723313	0.4879312	-0.9394263	-0.8462364	0.0045922897	-2.0908923	-1.662775	-0.48197418	-0.25716048	0.10013078	-0.028722286	1.4517753	1.7567664	0.20209752	-0.3830449	-0.09002963	0.44208524	0.33911827	-0.3272465	-2.4911258	-1.5714945	0.47724476	1.4085902	0.34338334	-0.5227592	-0.111518145	-1.722176	0.19049686	-1.3811287
64	1.0095541	-1.4772099	-0.83640754	0.49083722	-0.44670546	2.6023626	-0.10954033	-1.7597486	-0.63129723	-3.1163933	-0.67645204	-0.8202052	-0.04353405	-0.32124272	-0.5362669	1.4177237	-1.2102537	-0.6602265	0.8222455	-1.22509	-0.046870314	0.15728933	-0.22347502	-0.44694176	-1.5317903	2.0494936	-0.6892967	0.47106245	-0.960486	-0.8776494	0.0030145324	-2.1012154	-1.6772611	-0.4862435	-0.21392955	0.10860996	-0.04618764	1.4563311	1.7663698	0.21132615	-0.3625436	-0.094642505	0.4334888	0.35431212	-0.33003354	-2.4970222	-1.5724573	0.4946589	1.4340261	0.34248534	-0.55255044	-0.100884154	-1.7400968	0.20438404	-1.4255922
65	1.1124974	-1.594855	-0.88428885	0.5140592	-0.4406306	2.7568922	-0.10262053	-1.8787737	-0.677591	-3.315848	-0.74352145	-0.8739632	-0.028613605	-0.35057038	-0.53868383	1.5242771	-1.2886525	-0.65013814	0.85678065	-1.3032562	-0.05427037	0.18500757	-0.21898718	-0.5081804	-1.6147863	2.169283	-0.69538426	0.5212673	-1.0088019	-0.90883195	0.0051307776	-2.2676146	-1.7838465	-0.5329617	-0.28577942	0.1304062	-0.022458807	1.5897356	1.9031944	0.191763	-0.4029644	-0.08459145	0.45953912	0.36162743	-0.34331378	-2.7044163	-1.6654825	0.5011795	1.5173842	0.35796863	-0.58081204	-0.119305536	-1.8662347	0.21361807	-1.4730351
66	1.0301911	-1.4605786	-0.8088702	0.4611557	-0.41628492	2.517436	-0.114295945	-1.7323452	-0.64795965	-3.064377	-0.6732837	-0.79148114	-0.0495631	-0.33199194	-0.4804204	1.39368	-1.1948705	-0.6133426	0.8096943	-1.2143409	-0.058081344	0.17708227	-0.18643768	-0.4810119	-1.5083404	1.990074	-0.65190864	0.48307455	-0.9328223	-0.8205581	0.007171243	-2.1084852	-1.6541561	-0.51105857	-0.254061	0.11206371	-0.03344248	1.4695927	1.7837061	0.1798319	-0.38263988	-0.10501726	0.4257645	0.32147202	-0.32437006	-2.517815	-1.5501307	0.45897603	1.40728	0.3549945	-0.50683796	-0.12774003	-1.7168928	0.19015315	-1.3589443
67	1.0508446	-1.5345637	-0.8479425	0.5033526	-0.4522885	2.6741803	-0.10743338	-1.8249748	-0.6555689	-3.224722	-0.71487397	-0.84342057	-0.04122891	-0.3351726	-0.5424062	1.4675199	-1.2457587	-0.6585176	0.8332647	-1.2765814	-0.037634753	0.1664047	-0.21047997	-0.48532698	-1.584363	2.1070511	-0.7028332	0.4941126	-0.9695252	-0.8997111	-0.0026301355	-2.1809537	-1.7182142	-0.4988381	-0.24664058	0.10186971	-0.03573054	1.5262933	1.8393705	0.2073424	-0.39108077	-0.10223783	0.4540962	0.3564751	-0.34082493	-2.600595	-1.6247947	0.49207792	1.4744257	0.3588986	-0.55465704	-0.12419559	-1.7925893	0.1989782	-1.4451106
68	1.0290228	-1.5184773	-0.8328078	0.49932274	-0.46623635	2.6489027	-0.12170295	-1.8197248	-0.6389554	-3.2047749	-0.6941248	-0.8522767	-0.051456075	-0.32830292	-0.541667	1.457047	-1.2367482	-0.6525343	0.83722645	-1.2440975	-0.045686156	0.14209747	-0.20891532	-0.46572086	-1.5731255	2.1124294	-0.7022968	0.5065965	-0.9675858	-0.8928407	0.010357384	-2.1603782	-1.7079755	-0.4979649	-0.25429544	0.09708841	-0.03688389	1.4909325	1.8181684	0.21009979	-0.3909362	-0.09878978	0.4395552	0.35139757	-0.3425886	-2.56747	-1.6197433	0.4953469	1.4613614	0.3607162	-0.55131733	-0.10954537	-1.7822169	0.20456438	-1.430477
69	0.98403466	-1.4451954	-0.79392177	0.47506213	-0.43730313	2.512072	-0.11548835	-1.7315614	-0.60495013	-3.055849	-0.6651548	-0.8018514	-0.057664473	-0.30122283	-0.5200543	1.3753573	-1.187742	-0.63111186	0.80459636	-1.1852098	-0.041342355	0.1402818	-0.1826903	-0.44624573	-1.4932348	2.0172174	-0.6851027	0.46923077	-0.9178829	-0.85735965	-0.011257203	-2.040994	-1.6323168	-0.45729223	-0.23729858	0.09584974	-0.032508794	1.421981	1.7148732	0.19698605	-0.37021697	-0.101708114	0.4239614	0.34541622	-0.32651675	-2.4444475	-1.540712	0.48442402	1.3862734	0.33786854	-0.5304725	-0.10717408	-1.6869388	0.18929522	-1.3677117
70	1.0538111	-1.5111362	-0.84939	0.49671367	-0.40744618	2.6114178	-0.11786227	-1.7978845	-0.6650683	-3.1898456	-0.7109099	-0.8237793	-0.047610387	-0.34314528	-0.49982554	1.4593782	-1.2154931	-0.64402646	0.82707876	-1.2451904	-0.05814966	0.19714838	-0.21796271	-0.51227194	-1.5660523	2.0520728	-0.69316477	0.49059173	-0.95262283	-0.8542981	-0.0050058695	-2.1985307	-1.7021992	-0.5277183	-0.25473452	0.107467495	-0.024236659	1.5492871	1.8696586	0.19482982	-0.39783636	-0.108014524	0.45133218	0.3300095	-0.34821436	-2.6182523	-1.6221111	0.47457075	1.48092	0.38292074	-0.5190176	-0.14280482	-1.7819295	0.20036073	-1.4156762
71	1.0329382	-1.504268	-0.8207044	0.4864576	-0.46362486	2.6108904	-0.120012484	-1.7956719	-0.6444059	-3.1592143	-0.6807454	-0.8373456	-0.04557517	-0.34251988	-0.537368	1.4177928	-1.2275162	-0.6499355	0.8348085	-1.228988	-0.026412537	0.14118394	-0.19022577	-0.44915742	-1.5478824	2.0613647	-0.69025964	0.49038824	-0.9627623	-0.8853396	-0.004858668	-2.124383	-1.6664479	-0.48083657	-0.24007894	0.09425588	-0.04811255	1.490147	1.7803235	0.20992026	-0.38392356	-0.10656932	0.4440897	0.34808385	-0.32567066	-2.5258656	-1.59461	0.468428	1.4486626	0.33512288	-0.55572915	-0.11091949	-1.7357686	0.20031182	-1.403508
72	0.9609685	-1.3887721	-0.7716119	0.45501488	-0.41397294	2.4187603	-0.10567408	-1.6491647	-0.5987799	-2.9289546	-0.636043	-0.7703199	-0.046689358	-0.30650285	-0.479845	1.3253925	-1.126376	-0.60697216	0.7701506	-1.1324246	-0.03603918	0.14863011	-0.19251455	-0.43413228	-1.4379265	1.9161419	-0.64052695	0.45084086	-0.89054793	-0.8022396	-0.002467853	-1.9653955	-1.5701364	-0.453177	-0.2230994	0.101017855	-0.034829378	1.3719579	1.6689619	0.2003369	-0.35277602	-0.091150925	0.4125304	0.32442838	-0.31056848	-2.3565083	-1.4820714	0.45027468	1.3401755	0.321443	-0.5080727	-0.10397925	-1.6332124	0.1860049	-1.3171448
73	1.0406685	-1.4998276	-0.8302195	0.48801088	-0.44160464	2.6256857	-0.114407994	-1.7995429	-0.64024997	-3.1680436	-0.6824837	-0.83277094	-0.039785948	-0.31737375	-0.530921	1.4307634	-1.2275589	-0.64427686	0.8352033	-1.2247869	-0.04942631	0.16675696	-0.20657884	-0.46584705	-1.537942	2.076366	-0.6961273	0.4983623	-0.9633452	-0.8666909	0.00069021946	-2.148292	-1.6943041	-0.5065907	-0.2562651	0.11620962	-0.0467508	1.5018476	1.8059014	0.20858744	-0.38401696	-0.09839114	0.43557543	0.34179544	-0.3384777	-2.5586421	-1.5871599	0.4856604	1.4528078	0.3633448	-0.55298084	-0.109573945	-1.7681054	0.2072178	-1.415006
74	1.029411	-1.4794917	-0.8170514	0.47128668	-0.44265863	2.5696113	-0.1223231	-1.756144	-0.6575241	-3.1274505	-0.6866876	-0.82061917	-0.057097644	-0.33871943	-0.5035454	1.4247992	-1.2162739	-0.6392417	0.8064301	-1.2165396	-0.057813436	0.16289404	-0.19551994	-0.48572108	-1.5523885	2.046138	-0.6715467	0.48667014	-0.94824404	-0.8435369	0.0058794334	-2.125342	-1.6667571	-0.50427026	-0.24832606	0.0996777	-0.038687225	1.4835545	1.7963711	0.19271325	-0.38652477	-0.10204046	0.43790057	0.32901612	-0.33726513	-2.5293536	-1.5828251	0.4731471	1.4349786	0.36741495	-0.51491785	-0.11872102	-1.7292483	0.20257913	-1.3790283
75	1.1179131	-1.5763696	-0.87416893	0.4857781	-0.390904	2.6995895	-0.102417454	-1.8349873	-0.68753684	-3.2641215	-0.75114685	-0.8437386	-0.039420724	-0.35831907	-0.48996773	1.4993165	-1.2646563	-0.62106544	0.8261482	-1.2918453	-0.06798373	0.20585701	-0.21643806	-0.54023695	-1.6042169	2.1043549	-0.6734007	0.52060765	-0.98282653	-0.8516597	0.018891867	-2.2645042	-1.754809	-0.56968737	-0.2908461	0.14716852	-0.0009091853	1.59834	1.9042655	0.17333281	-0.4180784	-0.08874659	0.4652167	0.33889452	-0.33377346	-2.703778	-1.6368734	0.4823934	1.4966285	0.374831	-0.54502785	-0.14717107	-1.8498906	0.19899452	-1.4467956
76	1.015098	-1.4789894	-0.7992101	0.4767324	-0.42223394	2.530056	-0.12364853	-1.7476351	-0.64321524	-3.09553	-0.6890293	-0.8297566	-0.054326274	-0.3303368	-0.48636076	1.414161	-1.1942123	-0.6298466	0.8051916	-1.1921916	-0.03336733	0.16144204	-0.18977779	-0.47507533	-1.5312029	2.0154746	-0.66930395	0.47217202	-0.92679113	-0.8294293	0.004558278	-2.0871403	-1.6513624	-0.48781326	-0.25546575	0.07878229	-0.022248639	1.4568288	1.7755823	0.19056265	-0.39280355	-0.10315667	0.4398387	0.32387024	-0.34110272	-2.498336	-1.5694258	0.4575575	1.4215196	0.349721	-0.51408327	-0.11150923	-1.7023233	0.19184704	-1.3564286
77	0.9700302	-1.411434	-0.767581	0.44766918	-0.4167012	2.4338467	-0.10476968	-1.6599058	-0.59966564	-2.9561546	-0.6498174	-0.7759539	-0.047408957	-0.31603837	-0.48225775	1.3428108	-1.1509455	-0.58705187	0.7598636	-1.1408354	-0.06255515	0.14366472	-0.19279523	-0.4380185	-1.4594226	1.9394599	-0.6325618	0.4631629	-0.89734685	-0.8034464	0.009838549	-1.9874389	-1.5774052	-0.46024975	-0.24383162	0.094176754	-0.02126038	1.3674914	1.6615514	0.19297759	-0.36547908	-0.09187169	0.41645846	0.31507117	-0.31914616	-2.3691158	-1.4747406	0.45411685	1.3459554	0.3280206	-0.492305	-0.11044851	-1.6336466	0.17842987	-1.3055648
78	0.91934	-1.3734769	-0.74392295	0.46838114	-0.44881514	2.4183736	-0.1180074	-1.6507494	-0.58050656	-2.9161885	-0.63049483	-0.789133	-0.054113355	-0.27816182	-0.50251716	1.3276653	-1.1220943	-0.61550224	0.7682176	-1.1205664	-0.0119520705	0.1162122	-0.19248493	-0.40090358	-1.4380156	1.9273694	-0.6515633	0.43554914	-0.87427086	-0.81368506	0.004282081	-1.9346125	-1.5585737	-0.4338031	-0.21712793	0.072154135	-0.056492865	1.327442	1.6464037	0.2108153	-0.35044128	-0.10347672	0.40806907	0.32111615	-0.31976098	-2.303302	-1.4814273	0.4483305	1.3272601	0.32384342	-0.509536	-0.08240889	-1.6115394	0.1977398	-1.3182107
