	0	1	2	3	4	5	6	7	8	9	10	11	12	13	14	15	16	17	18	19	20	21	22	23	24	25	26	27	28	29	30	31	32	33	34	35	36	37	38	39	40	41	42	43	44	45	46	47
0	-0.35567728	-0.31621355	-0.13685647	-1.5490263	0.42803508	0.30058917	0.6344731	1.1180807	2.4185383	1.6398574	-0.10268527	0.96999174	-0.2430278	0.06930796	-1.103664	-1.2244089	0.95691127	0.48916417	0.8514215	2.288804	-1.2619454	-0.31191573	-0.4091248	-0.76929206	-0.8234782	1.1396799	-0.9409443	-0.08412179	-1.455349	0.7033861	-1.7905003	0.64444345	-0.318652	-0.21445845	-0.48265272	0.300422	-0.6859057	-0.99599385	1.6315832	-1.0296246	1.3836068	-0.4584952	-0.11909482	0.4824588	0.5043679	-0.52240914	-1.557207	-0.80029935
1	-0.35031477	-0.30625328	-0.14573412	-1.5128723	0.40923867	0.2749102	0.6194092	1.0819663	2.3305416	1.5414215	-0.119433336	0.92296225	-0.26781994	0.060624205	-1.0588603	-1.1765771	0.9238352	0.4757366	0.81640136	2.1928358	-1.2360852	-0.2906028	-0.39597842	-0.7235741	-0.78647226	1.103856	-0.91720474	-0.06326314	-1.4108974	0.6635824	-1.721983	0.6345257	-0.31924585	-0.20105179	-0.44603378	0.27470508	-0.6789943	-0.9774871	1.5734451	-0.98960215	1.3374484	-0.4421706	-0.11575179	0.46801317	0.4798532	-0.50633466	-1.4840415	-0.7917155
2	-0.33797085	-0.30617425	-0.14585741	-1.5589597	0.41891292	0.31319857	0.63258624	1.1072624	2.4238467	1.6511724	-0.11783969	0.99118406	-0.24089037	0.07752855	-1.0834075	-1.2262355	0.9797026	0.50406516	0.8686655	2.3086863	-1.279321	-0.30492064	-0.4060257	-0.77533203	-0.8308373	1.1481427	-0.94316065	-0.06709685	-1.4619389	0.7178594	-1.7763608	0.6337607	-0.3169844	-0.2072269	-0.4825653	0.30895567	-0.69094425	-1.009721	1.6694375	-1.0260358	1.3844266	-0.4473438	-0.12321314	0.4889919	0.48378453	-0.5248106	-1.5826379	-0.8145694
3	-0.35455227	-0.28487334	-0.17839338	-1.6206965	0.41360068	0.30335343	0.65378505	1.149059	2.4899833	1.6538835	-0.1274287	0.99927974	-0.29751447	0.05859187	-1.1242216	-1.266541	0.9821547	0.5348297	0.8751642	2.3366148	-1.2966286	-0.31324092	-0.4228096	-0.75739247	-0.8569992	1.1647484	-0.9635698	-0.07039794	-1.4910892	0.72936565	-1.8248341	0.65967476	-0.34851822	-0.20649885	-0.5070834	0.28419262	-0.72531074	-1.0278219	1.6765603	-1.0598421	1.4212357	-0.45980662	-0.1363579	0.49331763	0.50970197	-0.5672371	-1.631508	-0.82859886
4	-0.33679733	-0.29521644	-0.13167894	-1.4111717	0.3803277	0.25677684	0.58428526	1.0104871	2.2037	1.4696263	-0.09208511	0.8725445	-0.25149837	0.036247835	-0.9948778	-1.1057827	0.8773957	0.44834596	0.7839272	2.079702	-1.1435528	-0.2740629	-0.37078395	-0.6794831	-0.7476575	1.0442753	-0.8600388	-0.074136525	-1.3261161	0.6240796	-1.6339456	0.5746994	-0.29460424	-0.19317263	-0.44034618	0.2527233	-0.63670164	-0.91670185	1.4822156	-0.927526	1.2641765	-0.42161143	-0.09876856	0.45655122	0.45651078	-0.48795676	-1.4206156	-0.7382567
5	-0.37362137	-0.30797407	-0.15944839	-1.5405092	0.40171418	0.26641273	0.64026797	1.0911201	2.3600416	1.5964698	-0.11306879	0.9397121	-0.27722424	0.05103678	-1.0799584	-1.220609	0.9226385	0.49673122	0.86179215	2.2445834	-1.2435881	-0.30007526	-0.3953617	-0.7208229	-0.82804793	1.144024	-0.94041485	-0.06549992	-1.428157	0.693269	-1.7240018	0.6277232	-0.3462458	-0.21333568	-0.49207073	0.3050441	-0.7331343	-0.9780433	1.5952927	-1.0417066	1.3765947	-0.43189108	-0.10972658	0.47791332	0.47399583	-0.5648847	-1.5890113	-0.78733563
6	-0.38798448	-0.33715603	-0.20382737	-1.7064096	0.45021024	0.31271654	0.7036431	1.1889913	2.612563	1.705617	-0.11590454	1.0045763	-0.30816275	0.0603177	-1.1561289	-1.3043618	1.0487846	0.52922666	0.9085506	2.4496727	-1.3690214	-0.33761564	-0.4441299	-0.7941398	-0.87448657	1.1910341	-1.0025324	-0.07659872	-1.5837739	0.71242934	-1.906815	0.67536414	-0.36920246	-0.23191792	-0.5192437	0.2925577	-0.76605654	-1.087479	1.7283741	-1.100929	1.4698902	-0.51213914	-0.14399381	0.49968755	0.5502959	-0.57586825	-1.686113	-0.90486807
7	-0.33839723	-0.32481715	-0.15427172	-1.450716	0.40120363	0.278643	0.60597616	1.0741674	2.3144279	1.5730556	-0.101949744	0.89123595	-0.24663351	0.02083643	-1.0388275	-1.1879039	0.84826237	0.5087443	0.81801105	2.1713965	-1.1576996	-0.27731237	-0.39344552	-0.7278064	-0.7903731	1.0663176	-0.9137151	-0.05817305	-1.3353267	0.6405437	-1.7424574	0.59773463	-0.3353201	-0.2431032	-0.4668695	0.2337195	-0.65079933	-0.9597099	1.5444392	-1.0250629	1.3327764	-0.41207093	-0.07414388	0.5206725	0.4681943	-0.5333475	-1.4766338	-0.76131415
8	-0.35885063	-0.30085224	-0.1856871	-1.6374586	0.41490334	0.29573345	0.6677033	1.1340573	2.500382	1.6498966	-0.14270473	0.97053236	-0.3067813	0.06610732	-1.1006435	-1.2530042	0.98740864	0.519735	0.87456006	2.3447506	-1.3211901	-0.334815	-0.4140268	-0.7688862	-0.85774416	1.1328483	-0.9582143	-0.071214095	-1.4990561	0.72362065	-1.822885	0.6634773	-0.3700459	-0.20407574	-0.50115263	0.29189655	-0.7334001	-1.0395852	1.6758618	-1.0637313	1.419675	-0.47414583	-0.12670353	0.48462158	0.5022206	-0.5661547	-1.6274378	-0.84955585
9	-0.35505036	-0.29776374	-0.16360176	-1.6351655	0.43443537	0.31138378	0.6681229	1.1434885	2.5114667	1.6891088	-0.13536307	0.99596983	-0.27271035	0.09257524	-1.1258552	-1.2509663	1.0184155	0.49943736	0.8822119	2.3550842	-1.3324559	-0.3483394	-0.39642438	-0.7662773	-0.84651244	1.1546986	-0.96982133	-0.07534619	-1.5175407	0.74073374	-1.8374838	0.67590594	-0.34880722	-0.19416034	-0.5175842	0.332304	-0.71215	-1.0247362	1.6981797	-1.0425159	1.4051852	-0.49073002	-0.14651042	0.46965787	0.5083252	-0.54867375	-1.6315476	-0.84573317
10	-0.38937277	-0.34228718	-0.16105737	-1.5955609	0.4252575	0.25818852	0.65761423	1.134744	2.4551692	1.6269258	-0.10959383	0.9670828	-0.3072279	0.042054158	-1.1024307	-1.2555765	0.95054615	0.5164221	0.8660196	2.3251553	-1.2957653	-0.3016763	-0.41839346	-0.7594645	-0.8472095	1.1771543	-0.9796541	-0.042118076	-1.4713905	0.69396937	-1.7970463	0.6654057	-0.36995116	-0.21987547	-0.47418898	0.27531028	-0.76615196	-1.030313	1.6524175	-1.0859238	1.4271384	-0.44439074	-0.096756235	0.50923216	0.50299245	-0.5690291	-1.6060506	-0.83283186
11	-0.32869673	-0.29341435	-0.14998642	-1.4689153	0.37643623	0.25726804	0.5910744	1.0236038	2.2605796	1.4808925	-0.097061455	0.89676166	-0.28385645	0.04608863	-0.9969831	-1.1458535	0.88952965	0.48319864	0.7923871	2.1431234	-1.1777027	-0.2724427	-0.39508286	-0.7068895	-0.78099024	1.0513239	-0.8679019	-0.046306852	-1.3435999	0.63987154	-1.6571397	0.5946783	-0.32380635	-0.21369927	-0.4339867	0.23400405	-0.6758706	-0.96049744	1.5230979	-0.96994954	1.3065102	-0.39711764	-0.098769784	0.47381258	0.46695265	-0.5048852	-1.4677559	-0.7663558
12	-0.3732493	-0.30642584	-0.17889641	-1.6203791	0.4415937	0.28637677	0.6681777	1.1444399	2.4681284	1.6232778	-0.11599619	0.9451458	-0.28267366	0.04904588	-1.1185145	-1.2340827	0.9544323	0.49186212	0.8157987	2.2694654	-1.3117526	-0.34041148	-0.42301044	-0.7810563	-0.80257523	1.111509	-0.9416958	-0.09337097	-1.4985162	0.7012642	-1.7936274	0.6737237	-0.36477745	-0.22306626	-0.4667784	0.2614977	-0.69560057	-1.0383542	1.6117982	-1.0373503	1.4252459	-0.48230398	-0.10009465	0.4541211	0.54257786	-0.5447313	-1.5186518	-0.8162229
13	-0.36853078	-0.3203867	-0.14374581	-1.5195781	0.4033281	0.25106442	0.6279045	1.0708246	2.3342216	1.5302416	-0.104103014	0.9170484	-0.29068846	0.045812182	-1.0450865	-1.1833048	0.9238767	0.47606704	0.8168796	2.1977253	-1.2310044	-0.2876216	-0.39505976	-0.7193028	-0.793324	1.1051663	-0.91022635	-0.045287754	-1.4070798	0.65827256	-1.710978	0.634432	-0.342961	-0.21526878	-0.44051972	0.2551475	-0.7020663	-0.99831325	1.5652395	-0.99482787	1.3574423	-0.41963422	-0.09608601	0.48135173	0.49199387	-0.5201821	-1.4865735	-0.7915606
14	-0.29216602	-0.23504235	-0.14519843	-1.3860037	0.35822746	0.29131216	0.5662441	0.9828052	2.156808	1.4625356	-0.096108876	0.8857206	-0.21931143	0.048507296	-0.9563247	-1.0877736	0.89414924	0.4547315	0.782742	2.0475466	-1.1170125	-0.27618718	-0.35585392	-0.6714961	-0.74236035	1.0128843	-0.8211469	-0.06744957	-1.3209612	0.6364984	-1.5804012	0.54624766	-0.270612	-0.18116154	-0.45185047	0.2686055	-0.60036886	-0.8871297	1.4806615	-0.8991727	1.2213877	-0.41234496	-0.12607183	0.4221165	0.4330655	-0.4812676	-1.4361185	-0.7137155
15	-0.35094297	-0.3203155	-0.17244369	-1.5741879	0.43536794	0.31100836	0.6564759	1.1148908	2.434896	1.6553097	-0.1394924	0.93726647	-0.24799185	0.07850579	-1.0781018	-1.2299392	0.9829261	0.4871711	0.85153115	2.29169	-1.3000652	-0.34584764	-0.39401636	-0.7824911	-0.8133154	1.1204921	-0.95665365	-0.059395425	-1.4897776	0.7092464	-1.788088	0.6606247	-0.35179105	-0.2115076	-0.46560025	0.32977688	-0.6914287	-1.0166053	1.6600696	-1.0513568	1.3849132	-0.47389257	-0.11713806	0.46608296	0.46891728	-0.53624535	-1.5631082	-0.82526696
16	-0.358445	-0.3129297	-0.1777146	-1.5857601	0.41998503	0.28475237	0.6561203	1.1097256	2.4160316	1.6008224	-0.1195089	0.937015	-0.28027177	0.057950344	-1.0953254	-1.207627	0.95757353	0.48665103	0.8435238	2.2634478	-1.2850419	-0.31920287	-0.40383673	-0.7483589	-0.80864775	1.123909	-0.94988084	-0.08333775	-1.4561797	0.68553567	-1.7706823	0.6452768	-0.34685275	-0.20462053	-0.4788711	0.28649703	-0.6998022	-1.0202477	1.6234215	-1.0160879	1.3813554	-0.47237942	-0.11073714	0.47203243	0.4944313	-0.53655386	-1.5491302	-0.8222923
17	-0.37469137	-0.3279411	-0.19992515	-1.6423867	0.42533484	0.27182	0.688447	1.1522019	2.5485802	1.677699	-0.11777775	0.99034554	-0.3192403	0.04537007	-1.1118342	-1.2897089	0.9779726	0.55162734	0.9273966	2.4294221	-1.3248767	-0.31421992	-0.40050206	-0.77573884	-0.9074659	1.1784831	-1.0053488	-0.054619275	-1.5102553	0.70722294	-1.8642067	0.65743923	-0.38078597	-0.2369354	-0.54442054	0.2889069	-0.7987498	-1.0601665	1.7141303	-1.1384096	1.4607295	-0.46271938	-0.11747147	0.5227632	0.50740486	-0.60076845	-1.7405818	-0.86837417
18	-0.3874816	-0.32848677	-0.17889461	-1.6283926	0.4234309	0.27892804	0.6714944	1.151791	2.4891167	1.6374149	-0.11967483	0.96951467	-0.30797672	0.05206866	-1.124411	-1.2698679	0.9834719	0.5058	0.8773407	2.3279462	-1.3038821	-0.3122682	-0.42630792	-0.744012	-0.8509467	1.166312	-0.9736723	-0.05817126	-1.4971721	0.6986745	-1.8267239	0.6690162	-0.37518966	-0.20655665	-0.48781887	0.27498457	-0.7479601	-1.0391381	1.6521788	-1.0627161	1.4212173	-0.47001868	-0.13054809	0.5002355	0.5224158	-0.5698952	-1.597679	-0.85455126
19	-0.30498907	-0.26412013	-0.15164492	-1.4371041	0.37769037	0.2895916	0.584391	1.0175877	2.2239244	1.5018406	-0.09406636	0.9259562	-0.23364128	0.040666312	-1.0092767	-1.1265559	0.9172675	0.46793622	0.817626	2.1171818	-1.1708145	-0.26430467	-0.38226718	-0.6914123	-0.7605168	1.0771637	-0.8716559	-0.07222034	-1.3660411	0.64121735	-1.6339937	0.5592357	-0.27540463	-0.19254255	-0.4579165	0.26574337	-0.6343116	-0.93401355	1.5416641	-0.9261482	1.2737799	-0.42664334	-0.12547885	0.45220485	0.44668838	-0.49825987	-1.4720628	-0.7517966
20	-0.34946436	-0.2913247	-0.16038358	-1.5102211	0.39599636	0.27751002	0.62831134	1.0704842	2.3391986	1.5518682	-0.105901115	0.91828954	-0.2668383	0.037468225	-1.0334541	-1.1742314	0.9225415	0.48998427	0.8207549	2.19953	-1.2113303	-0.29867572	-0.38416395	-0.7246772	-0.7972648	1.079337	-0.9011962	-0.06573946	-1.4024873	0.66828	-1.7115744	0.6134085	-0.33223778	-0.20588118	-0.469146	0.25648835	-0.678129	-0.97411746	1.5629987	-1.0000852	1.3435968	-0.43618444	-0.09886736	0.469478	0.49094245	-0.5266869	-1.5164504	-0.77868557
21	-0.34804434	-0.30275652	-0.15779625	-1.5245152	0.40433636	0.26139787	0.62535256	1.0622833	2.316099	1.5248768	-0.107723966	0.8980586	-0.2970262	0.0557456	-1.0082614	-1.1649368	0.9314951	0.48027727	0.8193085	2.1959016	-1.2545786	-0.28988865	-0.3949693	-0.74986345	-0.78724146	1.0757235	-0.88786876	-0.05542147	-1.4094646	0.66135794	-1.6762393	0.61352545	-0.33276403	-0.2141689	-0.43432984	0.2668076	-0.69123363	-0.9939397	1.5777359	-0.99117434	1.3428186	-0.42109182	-0.08969121	0.47042087	0.46610206	-0.51660305	-1.502097	-0.7922931
22	-0.38540202	-0.32946262	-0.14161196	-1.581064	0.4503619	0.27990648	0.6633728	1.134135	2.4668336	1.6405634	-0.11655645	0.9657841	-0.26361188	0.046624158	-1.1124437	-1.2028682	0.9861921	0.46330267	0.83147675	2.2552917	-1.3073578	-0.32521746	-0.38915664	-0.7548498	-0.78276885	1.1433322	-0.95778716	-0.0956167	-1.4934587	0.68665266	-1.8107122	0.66626304	-0.34095192	-0.20320204	-0.4759579	0.2742224	-0.6740153	-1.0383832	1.6402392	-0.989412	1.4091442	-0.49399567	-0.09474102	0.47375235	0.5347105	-0.5191448	-1.4952382	-0.8255051
23	-0.30333012	-0.25418282	-0.16931054	-1.4553893	0.36078623	0.2925709	0.58823985	1.0161018	2.2529175	1.5038282	-0.099111035	0.91847026	-0.2429416	0.053901266	-0.9881787	-1.1418884	0.917365	0.49078825	0.8033656	2.152214	-1.1549618	-0.2821273	-0.37973812	-0.69879353	-0.78925055	1.0516607	-0.8595493	-0.058130868	-1.3562237	0.65984684	-1.6402186	0.5704224	-0.29948354	-0.1892334	-0.46333015	0.26510254	-0.65542084	-0.94205564	1.5326943	-0.9530998	1.2773588	-0.41088495	-0.12680645	0.4435986	0.44888034	-0.50335586	-1.5142128	-0.75508076
24	-0.35467157	-0.30115125	-0.14141056	-1.5381627	0.3982778	0.2814517	0.6231928	1.0856239	2.3575735	1.5578408	-0.09771025	0.9411709	-0.27891564	0.04324829	-1.0603268	-1.1685741	0.9420928	0.47688484	0.8395636	2.2185602	-1.2434448	-0.28587282	-0.41179076	-0.73393756	-0.80108184	1.1062132	-0.90046453	-0.081442244	-1.4120971	0.66365117	-1.7345684	0.61166835	-0.314539	-0.18907171	-0.4699922	0.25425166	-0.67480165	-0.97684324	1.5885258	-0.97644466	1.3427423	-0.45980966	-0.111962326	0.48701978	0.4996377	-0.5165726	-1.507155	-0.80152833
25	-0.34052482	-0.28454107	-0.12932764	-1.4980701	0.39119437	0.28023192	0.6000103	1.0660104	2.3220189	1.5516013	-0.1001659	0.9404158	-0.26307955	0.054237846	-1.04411	-1.1546991	0.9136289	0.48589948	0.80887043	2.1770205	-1.2139534	-0.28622463	-0.39822304	-0.73022574	-0.78467095	1.0946869	-0.8812812	-0.07129731	-1.3788134	0.6673323	-1.7063632	0.609673	-0.30337757	-0.20463562	-0.4690122	0.26389807	-0.65550375	-0.96271884	1.5720907	-0.9605589	1.3286245	-0.43181923	-0.10390183	0.47442743	0.48170713	-0.5051539	-1.4894598	-0.7671518
26	-0.38531274	-0.3288585	-0.17365839	-1.592014	0.42455226	0.2885693	0.6683317	1.141833	2.4741542	1.6456598	-0.12076424	0.9558706	-0.27624476	0.04990901	-1.0956718	-1.2345781	0.9619446	0.5019127	0.8437982	2.2980022	-1.2789391	-0.33458564	-0.41017324	-0.7545048	-0.82764995	1.1463375	-0.9633713	-0.06573606	-1.4794315	0.6936964	-1.8075494	0.6571484	-0.35643315	-0.21939898	-0.49365693	0.28214929	-0.71182907	-1.0297363	1.6339833	-1.0556866	1.4030141	-0.48084664	-0.112167045	0.475109	0.5184514	-0.53903604	-1.5715904	-0.8239478
27	-0.39301395	-0.332747	-0.15215842	-1.6402695	0.44983965	0.27982268	0.6808064	1.1721829	2.5530975	1.7070116	-0.13450879	0.9997503	-0.29433447	0.05290114	-1.1288611	-1.2697874	0.9878699	0.5244341	0.8607912	2.3811386	-1.3457346	-0.3504733	-0.4037179	-0.79318786	-0.85095495	1.1819898	-1.0034034	-0.057695296	-1.5303853	0.739743	-1.8624808	0.70493186	-0.3786015	-0.21173939	-0.49823248	0.2980559	-0.75066274	-1.0473808	1.7058872	-1.1027405	1.4617128	-0.48429632	-0.09096633	0.4893985	0.5296133	-0.569952	-1.6329086	-0.84244335
28	-0.33235693	-0.27725634	-0.14170459	-1.4173816	0.3737836	0.27738932	0.58591425	1.0249535	2.2093122	1.5033263	-0.09671708	0.90936095	-0.22948556	0.033937648	-0.9965965	-1.1412362	0.8953915	0.46294558	0.8086778	2.081617	-1.1462635	-0.26277488	-0.3784472	-0.678453	-0.75815356	1.0752854	-0.85923785	-0.042179238	-1.3492413	0.6445275	-1.6189072	0.5695026	-0.29910392	-0.19484058	-0.4413602	0.2578048	-0.6352309	-0.92791206	1.5080756	-0.9333696	1.2767861	-0.40288314	-0.11664437	0.46285498	0.4518685	-0.50682354	-1.4264755	-0.7355537
29	-0.31433445	-0.27072448	-0.13273416	-1.4028139	0.38383165	0.25688314	0.581358	0.98783445	2.1734624	1.4310032	-0.10897545	0.8470931	-0.2518954	0.04652484	-0.9541892	-1.0728163	0.8557178	0.45985848	0.7606037	2.0585346	-1.151176	-0.2794515	-0.3425646	-0.68462604	-0.721483	0.99809957	-0.8320816	-0.055122603	-1.3185871	0.62267137	-1.5944434	0.57267976	-0.28354704	-0.212701	-0.4285084	0.2577286	-0.61537737	-0.9173085	1.4677684	-0.91165733	1.2444735	-0.40048	-0.084660955	0.43465674	0.4394951	-0.46964002	-1.3946412	-0.7222757
30	-0.34712714	-0.3025478	-0.15816337	-1.5283201	0.39849585	0.28738612	0.6179246	1.0690327	2.3303912	1.530834	-0.11635967	0.9027701	-0.28502712	0.06367535	-1.0328224	-1.1657504	0.93812937	0.47631392	0.8099672	2.19095	-1.234593	-0.30105534	-0.41358837	-0.73064274	-0.78102195	1.0774902	-0.8892054	-0.06605567	-1.4088577	0.6603609	-1.7081331	0.614737	-0.3185291	-0.20859052	-0.44067818	0.26999548	-0.66932464	-0.9785729	1.5656736	-0.9805922	1.3254079	-0.4449566	-0.1192258	0.46450436	0.4766408	-0.5005457	-1.48276	-0.7966634
31	-0.3733843	-0.32531086	-0.16269988	-1.5660115	0.42914718	0.2739774	0.65625435	1.1222625	2.4348683	1.6273074	-0.12366147	0.9413102	-0.28239447	0.06096011	-1.06793	-1.2377076	0.92571336	0.51686156	0.85658735	2.2994564	-1.2777859	-0.3129707	-0.39940304	-0.7657331	-0.83534133	1.1227137	-0.9449144	-0.063848644	-1.4582404	0.7022265	-1.7690406	0.6393139	-0.34836584	-0.24779566	-0.488615	0.28821164	-0.7261621	-1.0178407	1.6186104	-1.0733635	1.4066399	-0.4348159	-0.09897128	0.48496264	0.5015308	-0.5444986	-1.5865259	-0.8063037
32	-0.36657372	-0.30879235	-0.15153685	-1.5683695	0.40610492	0.24947271	0.63284904	1.0916532	2.3544197	1.5452822	-0.12122886	0.9225456	-0.3220058	0.056320857	-1.0814545	-1.1922212	0.92408603	0.47512534	0.8228821	2.195971	-1.274536	-0.29682785	-0.4156234	-0.72175145	-0.7965879	1.1133441	-0.9261809	-0.07278728	-1.413562	0.6745455	-1.7245792	0.65130705	-0.35734296	-0.19952051	-0.45089567	0.2607003	-0.71098316	-0.994806	1.5852242	-0.9974377	1.3695318	-0.44206434	-0.1016038	0.47826353	0.49264368	-0.5399407	-1.5020993	-0.8047402
33	-0.3419711	-0.30456328	-0.14454713	-1.4691298	0.3896334	0.25737017	0.61127925	1.0308604	2.2717323	1.5011127	-0.1355957	0.8601703	-0.2967048	0.050489824	-0.98665696	-1.1580572	0.8480313	0.49619314	0.809893	2.1570108	-1.1910487	-0.30134314	-0.37923118	-0.71553135	-0.7868939	1.033427	-0.87294304	-0.039523438	-1.3564012	0.66223586	-1.6703097	0.60121554	-0.32931036	-0.2683798	-0.44636488	0.26433513	-0.6703027	-0.9678979	1.5221941	-1.0213445	1.3291935	-0.38335907	-0.08615904	0.47820124	0.45144695	-0.5097984	-1.47056	-0.742017
34	-0.26987922	-0.2212841	-0.14878435	-1.3534787	0.3504107	0.29593846	0.5544348	0.95429605	2.130781	1.4701537	-0.104297705	0.89478344	-0.18976891	0.057755973	-0.9394359	-1.0881045	0.8908502	0.45336264	0.7816849	2.028635	-1.0935835	-0.278741	-0.3353729	-0.6549304	-0.7419241	0.9954262	-0.8155617	-0.060463507	-1.3097913	0.64560014	-1.554788	0.5341436	-0.27251676	-0.17620361	-0.4596214	0.28010753	-0.5952216	-0.87131166	1.4701805	-0.889534	1.2030585	-0.39859635	-0.13673098	0.405869	0.41925195	-0.4852838	-1.4418119	-0.703726
35	-0.3406367	-0.28136507	-0.16598833	-1.6038909	0.40431473	0.28559905	0.6421942	1.0985363	2.4268918	1.5936981	-0.12652357	0.9612745	-0.31729916	0.0567821	-1.0777934	-1.2138692	0.9597478	0.5065497	0.8739775	2.2896855	-1.2975966	-0.31322125	-0.41481805	-0.74096054	-0.8357205	1.1064855	-0.9184644	-0.070290014	-1.465889	0.7038875	-1.7702836	0.6282188	-0.3399632	-0.20988314	-0.49770683	0.2717822	-0.7092463	-1.0024676	1.6356311	-1.0239897	1.3780096	-0.45981696	-0.13525747	0.48317757	0.4985567	-0.55332303	-1.5845565	-0.8226842
36	-0.34673417	-0.3010833	-0.15455855	-1.5155898	0.3975193	0.24356914	0.6258182	1.0590498	2.3089604	1.5128325	-0.10396338	0.9094814	-0.27966502	0.039662085	-1.0427517	-1.1479725	0.8874624	0.47917455	0.8133458	2.1666865	-1.2302424	-0.2756211	-0.371426	-0.71146643	-0.7832185	1.0784947	-0.9110446	-0.058710266	-1.3623462	0.6387936	-1.6919688	0.6259534	-0.34618923	-0.19614372	-0.46385396	0.24101275	-0.6921049	-0.9787279	1.555218	-0.9751625	1.335665	-0.42895386	-0.07789792	0.47991574	0.48472723	-0.5279537	-1.4868424	-0.79184324
37	-0.37751237	-0.33940846	-0.12570713	-1.5684773	0.432394	0.262887	0.6440747	1.106324	2.3884087	1.5776894	-0.12921949	0.92367566	-0.2901362	0.07414186	-1.0812571	-1.1886641	0.9161917	0.4759448	0.8290582	2.2557337	-1.2996368	-0.31391189	-0.40810835	-0.7639765	-0.8016646	1.1197357	-0.93869716	-0.074162684	-1.4393637	0.68052477	-1.7557169	0.6628756	-0.3337587	-0.23001982	-0.4527255	0.293435	-0.70697784	-1.0053402	1.6066129	-1.032726	1.3849479	-0.45350274	-0.09012894	0.47551852	0.49733952	-0.50794035	-1.5097983	-0.80736417
38	-0.35264105	-0.2985482	-0.16999568	-1.5441144	0.3913152	0.28115487	0.63257974	1.092087	2.355786	1.5715586	-0.120447814	0.9382508	-0.2807612	0.05672348	-1.0673952	-1.2155477	0.9307657	0.5042374	0.8521076	2.2346015	-1.2341381	-0.28723153	-0.40406314	-0.7143856	-0.820819	1.13025	-0.92786336	-0.045143444	-1.4159845	0.6809336	-1.7284642	0.62641	-0.3410371	-0.20809396	-0.4730932	0.2844597	-0.7075066	-0.9963605	1.5997161	-1.0144211	1.3533942	-0.42401648	-0.12295617	0.48630476	0.46650615	-0.5443339	-1.5519878	-0.8005666
39	-0.28686035	-0.24897362	-0.14915203	-1.3891921	0.36383566	0.28624868	0.5618565	0.9733792	2.1577842	1.453063	-0.094549626	0.8651392	-0.23194148	0.054884687	-0.94088596	-1.0861145	0.8839499	0.45638812	0.7747373	2.0500824	-1.1195233	-0.27942395	-0.3614089	-0.6777712	-0.73685884	0.9867169	-0.8142599	-0.056816142	-1.3078618	0.62946093	-1.5802603	0.5433659	-0.28024513	-0.19335516	-0.4393252	0.25830626	-0.6033036	-0.886961	1.4697014	-0.90754527	1.2142142	-0.40457883	-0.12196258	0.4302112	0.4319052	-0.47767904	-1.4227151	-0.72276455
40	-0.3478804	-0.308856	-0.12731956	-1.4434768	0.39086074	0.23914286	0.59112	1.0223637	2.2144625	1.4717451	-0.103292786	0.8739892	-0.26907605	0.043927103	-1.0211406	-1.1119986	0.86451155	0.44026032	0.7851316	2.0737631	-1.1894108	-0.2763608	-0.3777118	-0.6913728	-0.7439862	1.0640386	-0.87683547	-0.06556206	-1.3293042	0.6295152	-1.6389581	0.6032599	-0.31491414	-0.1928623	-0.42749694	0.25684854	-0.6525452	-0.93661684	1.499954	-0.93335426	1.2903032	-0.42187566	-0.08853149	0.46672013	0.45396134	-0.49624208	-1.3959016	-0.7485458
41	-0.3414392	-0.28465208	-0.15496184	-1.4948326	0.38219023	0.25270253	0.61687195	1.0456208	2.263848	1.4948916	-0.10421685	0.90312064	-0.26271424	0.03885247	-1.0603398	-1.1325667	0.8837678	0.44629264	0.81644815	2.1086328	-1.2048757	-0.27946338	-0.37572175	-0.67800057	-0.770692	1.0741178	-0.8893372	-0.08216145	-1.3535838	0.6390562	-1.671076	0.606579	-0.32830468	-0.17289022	-0.46957883	0.2501277	-0.65479463	-0.9592044	1.518639	-0.92372215	1.3018156	-0.44698405	-0.110244475	0.46307063	0.47751144	-0.5185741	-1.433176	-0.77114946
42	-0.38556603	-0.33072877	-0.16250432	-1.6067866	0.42430308	0.2759072	0.6607185	1.1367387	2.4424698	1.5993854	-0.1440254	0.93814427	-0.29378438	0.06475426	-1.124453	-1.2121371	0.94689184	0.47545898	0.82804453	2.2560697	-1.3121101	-0.3282594	-0.4208852	-0.75503755	-0.8108591	1.1444861	-0.9642525	-0.088737145	-1.467879	0.68493444	-1.803486	0.68422335	-0.3564528	-0.19725405	-0.463306	0.28704047	-0.7082894	-1.0317221	1.6260474	-1.0266281	1.4047753	-0.49278507	-0.11179444	0.4709232	0.50597596	-0.52588534	-1.5128546	-0.83295053
43	-0.29806343	-0.2373799	-0.13274431	-1.4103009	0.36093786	0.2799347	0.5687289	0.9859415	2.1673133	1.4621165	-0.10259773	0.8768493	-0.25164297	0.058707543	-0.93604624	-1.1010293	0.8860963	0.4613828	0.7918816	2.0716395	-1.1419623	-0.28145686	-0.36708072	-0.68728405	-0.7585137	0.9920788	-0.8014727	-0.054403696	-1.3290739	0.65291166	-1.5714867	0.5513491	-0.2855102	-0.19713606	-0.4428137	0.26509506	-0.6184832	-0.88862735	1.4797509	-0.92368555	1.2318536	-0.39348847	-0.121353194	0.427802	0.43887648	-0.4893811	-1.4451585	-0.7162919
44	-0.34663898	-0.29556426	-0.14935327	-1.540688	0.40175676	0.26820418	0.63223284	1.0692269	2.392093	1.5524853	-0.12387796	0.91547596	-0.31746867	0.042365238	-1.0137911	-1.1838158	0.9206424	0.5182455	0.8273143	2.2710094	-1.242901	-0.32059944	-0.38603657	-0.7518207	-0.8253651	1.0591551	-0.9020538	-0.048698314	-1.4250513	0.68696815	-1.7523891	0.6320396	-0.3410024	-0.23899159	-0.47067544	0.25247914	-0.7058358	-0.98967016	1.5941787	-1.0574316	1.3736551	-0.42566776	-0.09108769	0.48180753	0.4947754	-0.52846175	-1.5668051	-0.78703904
45	-0.36245808	-0.30364364	-0.1581288	-1.5934505	0.41210073	0.2957973	0.64427894	1.1301061	2.4473279	1.6367427	-0.119517416	0.980385	-0.28401437	0.058549605	-1.1144135	-1.2370781	0.97431767	0.50104827	0.8708301	2.3002274	-1.2888979	-0.31072208	-0.42382896	-0.75071025	-0.8370306	1.1582192	-0.94411594	-0.078123145	-1.4767051	0.71154296	-1.7998424	0.6432317	-0.3347028	-0.19415289	-0.49281943	0.2923841	-0.70547044	-1.0138295	1.6505768	-1.0207624	1.3908156	-0.47079232	-0.13461186	0.4902333	0.49730018	-0.5489231	-1.5766003	-0.8235581
46	-0.37512952	-0.31808826	-0.15505557	-1.6056306	0.4196241	0.28143153	0.65671706	1.1236562	2.442412	1.6171683	-0.11376105	0.9516533	-0.30642003	0.04594927	-1.0939308	-1.2258778	0.9696693	0.49950865	0.8711454	2.3070495	-1.3045546	-0.31137204	-0.4186819	-0.76717895	-0.8318268	1.1411871	-0.9424122	-0.068510704	-1.4749733	0.69920385	-1.79165	0.64961237	-0.3509935	-0.20747112	-0.47649553	0.28048876	-0.71999294	-1.0186039	1.649956	-1.0429182	1.4062729	-0.46318665	-0.10331234	0.50311726	0.5013182	-0.55631924	-1.5760823	-0.82832074
47	-0.35040867	-0.30011415	-0.15788795	-1.5625417	0.41785833	0.29896444	0.6351587	1.1032474	2.3903072	1.5888858	-0.10980656	0.94196117	-0.27000695	0.06191776	-1.0799537	-1.2054386	0.95360434	0.4909692	0.8532439	2.2604377	-1.2700411	-0.3030431	-0.41220152	-0.7543521	-0.8095833	1.1152477	-0.9175429	-0.071110524	-1.453107	0.6851582	-1.7580067	0.62870157	-0.31887576	-0.21410541	-0.4712752	0.28802156	-0.68643594	-0.990946	1.6125704	-1.0158293	1.36569	-0.4564726	-0.12739676	0.47998872	0.4919876	-0.5274461	-1.5390981	-0.8080332
48	-0.3388332	-0.29301697	-0.15396154	-1.4840502	0.39348778	0.2904112	0.61234695	1.0669073	2.3123822	1.5539048	-0.11817171	0.9234618	-0.22464356	0.07293464	-1.0594652	-1.180512	0.90681916	0.4732244	0.812684	2.1660573	-1.1856052	-0.29657415	-0.37893292	-0.69715697	-0.7896388	1.0863091	-0.90222085	-0.058450863	-1.377937	0.6714129	-1.7116774	0.6227859	-0.32067478	-0.19728214	-0.46861175	0.2859487	-0.6561012	-0.96115965	1.5400959	-0.97069585	1.3119994	-0.42989692	-0.13501689	0.45846617	0.47770283	-0.5035735	-1.4719146	-0.77235323
49	-0.35308295	-0.3040038	-0.15922174	-1.589681	0.4131384	0.2842113	0.6431413	1.0991474	2.401282	1.5843987	-0.10174991	0.94044834	-0.2979128	0.054881763	-1.073799	-1.201858	0.96886003	0.48317614	0.8508418	2.2681262	-1.2868733	-0.30828583	-0.41973314	-0.7591333	-0.81416273	1.1067841	-0.91573715	-0.07512572	-1.4538659	0.6851535	-1.7544844	0.6336056	-0.3416205	-0.20188062	-0.46505344	0.26846895	-0.6975377	-1.0064684	1.6208692	-1.0083854	1.3728658	-0.46041343	-0.112195596	0.48299783	0.5024414	-0.536688	-1.5435209	-0.8212179
50	-0.3668191	-0.30392894	-0.14632213	-1.5769981	0.4205538	0.29523557	0.6514844	1.1186204	2.4350302	1.6440545	-0.12797965	0.9639446	-0.2602255	0.08245493	-1.081425	-1.2202464	0.98156554	0.4896438	0.8596096	2.294289	-1.2905489	-0.3293595	-0.38484025	-0.7595664	-0.83052796	1.1384572	-0.9410907	-0.05836432	-1.4714539	0.7179042	-1.7785548	0.6623539	-0.34244084	-0.19242962	-0.4906804	0.32596594	-0.7065973	-0.9973826	1.6508845	-1.0324595	1.3809737	-0.4633016	-0.12328504	0.46977246	0.48935536	-0.5361796	-1.5868416	-0.8160902
51	-0.35047948	-0.29396218	-0.16058387	-1.5273296	0.3948948	0.2807441	0.6299239	1.0726645	2.3486495	1.5567243	-0.09017087	0.9354003	-0.25913247	0.043293152	-1.0508128	-1.1775063	0.9392269	0.48037055	0.838716	2.2107828	-1.2203249	-0.28911296	-0.39102358	-0.7164301	-0.800493	1.0961038	-0.8967257	-0.06172371	-1.4097154	0.6589956	-1.7167157	0.6059653	-0.32718062	-0.19934896	-0.48091432	0.25963584	-0.6797819	-0.98049045	1.5701661	-0.9758004	1.3354771	-0.4443314	-0.1172024	0.4748807	0.49818823	-0.52734023	-1.5173509	-0.79616344
52	-0.35597816	-0.32064676	-0.16072778	-1.5892899	0.42035982	0.2841264	0.6446404	1.1158257	2.4446924	1.6123464	-0.12097369	0.9634653	-0.29479197	0.057866868	-1.0996403	-1.2250832	0.95906025	0.5050971	0.8599335	2.304441	-1.2921042	-0.30469692	-0.4193789	-0.75828373	-0.8313651	1.1366276	-0.954844	-0.076781504	-1.4610304	0.6891309	-1.8033812	0.6464644	-0.3408975	-0.21524145	-0.48187	0.2732208	-0.7175408	-1.0209084	1.6476629	-1.0399381	1.3985729	-0.46331015	-0.116151854	0.497499	0.5028475	-0.53985596	-1.5765755	-0.8354159
53	-0.23703724	-0.20091844	-0.13660511	-1.1290364	0.2980474	0.27913883	0.48239946	0.8309304	1.8659127	1.3400633	-0.103311025	0.80497193	-0.12178557	0.037636273	-0.8110922	-0.9794334	0.7833338	0.41652897	0.7051599	1.7945276	-0.9132551	-0.24986486	-0.28301644	-0.5670362	-0.6666387	0.9111454	-0.7393013	-0.046490412	-1.1638279	0.58136445	-1.3684332	0.44356018	-0.21977597	-0.17560908	-0.422141	0.2787787	-0.52191406	-0.76319903	1.3063246	-0.8114483	1.0633298	-0.3423817	-0.1265015	0.355837	0.33448356	-0.43251947	-1.3109663	-0.5929551
54	-0.2562751	-0.21867992	-0.1184406	-1.2116332	0.32069644	0.26552176	0.5014379	0.88256174	1.9397556	1.357895	-0.074498005	0.8612941	-0.14994726	0.031443205	-0.88233	-1.0029172	0.81312627	0.41627154	0.7415585	1.8747169	-0.99327135	-0.22201261	-0.31854615	-0.60142803	-0.6905805	0.97787064	-0.77045196	-0.06328282	-1.2102885	0.5746066	-1.4265195	0.47174478	-0.21734312	-0.16896458	-0.42873368	0.2566594	-0.55723727	-0.80829424	1.369346	-0.8144618	1.1177329	-0.36704695	-0.12188019	0.38821205	0.37979603	-0.44210204	-1.3388959	-0.63983095
55	-0.21176718	-0.17661586	-0.12093549	-1.0755622	0.2841075	0.26981148	0.45150045	0.77767867	1.7633979	1.2644619	-0.09310333	0.77122426	-0.10979096	0.04977078	-0.77252793	-0.91782415	0.7618938	0.37930807	0.6659556	1.6938963	-0.87441236	-0.24128635	-0.26602358	-0.53610927	-0.623155	0.8527462	-0.6843119	-0.05244872	-1.1114082	0.55671006	-1.2916393	0.42062363	-0.1969001	-0.15832962	-0.39892423	0.27077827	-0.4777466	-0.7207924	1.2379704	-0.7360465	0.9958292	-0.33078805	-0.13381203	0.3244002	0.32207155	-0.3978074	-1.2268434	-0.56262445
56	-0.2199386	-0.19729471	-0.1234232	-1.066501	0.28349775	0.2319422	0.4468403	0.76134723	1.7178712	1.2076595	-0.07126272	0.7341625	-0.13889466	0.03612461	-0.7363724	-0.8926242	0.73245203	0.3730774	0.6484282	1.6565951	-0.8709984	-0.2142756	-0.26501897	-0.532263	-0.6070052	0.830523	-0.67490876	-0.026774645	-1.0659395	0.51292545	-1.2474856	0.4162644	-0.21929803	-0.15765135	-0.36893198	0.23251143	-0.5016285	-0.71491784	1.2072042	-0.7346938	0.9802431	-0.30994794	-0.101265445	0.3413989	0.31894282	-0.4015744	-1.1975719	-0.57290083
57	-0.25472873	-0.21450453	-0.13461448	-1.27074	0.32844877	0.26348588	0.5189692	0.8978922	1.9943235	1.3495357	-0.093862176	0.847876	-0.18958469	0.040755823	-0.89575756	-1.0161898	0.8305502	0.4246304	0.73334366	1.8995193	-1.025545	-0.2399486	-0.31761622	-0.59936833	-0.6924953	0.94959587	-0.7787716	-0.052266408	-1.2235109	0.5884045	-1.4689575	0.5085179	-0.25229406	-0.15992913	-0.41985285	0.2372794	-0.5649644	-0.8294696	1.3779749	-0.82243407	1.1332866	-0.37285095	-0.12481736	0.39563885	0.40218735	-0.4507314	-1.3312657	-0.6700918
58	-0.24909486	-0.20826411	-0.13447106	-1.2210236	0.32372093	0.27472642	0.5139781	0.8767376	1.9648072	1.384401	-0.10003236	0.84240377	-0.15471734	0.039652094	-0.86209536	-1.0189656	0.8238665	0.42822495	0.7411102	1.8825841	-0.9963888	-0.25365698	-0.29475436	-0.60130125	-0.6912735	0.9447491	-0.76933086	-0.042932775	-1.2224499	0.60273755	-1.4366883	0.48403972	-0.24628091	-0.1782499	-0.4334464	0.27190587	-0.55199397	-0.8127167	1.3773206	-0.83459896	1.1241913	-0.35647482	-0.11994614	0.38338277	0.370189	-0.4597279	-1.3522329	-0.63772625
59	-0.2149873	-0.18300794	-0.11884234	-1.0870333	0.2888128	0.27501938	0.4591089	0.7830801	1.77163	1.2759106	-0.09919608	0.75555265	-0.12070021	0.052171834	-0.7638263	-0.92262846	0.7527366	0.39586315	0.6764085	1.7294842	-0.8862362	-0.25115404	-0.26568925	-0.56014955	-0.63448405	0.8526623	-0.6929196	-0.044781562	-1.1142339	0.5630658	-1.3019259	0.4277078	-0.19910353	-0.18078989	-0.40066236	0.28953522	-0.48996025	-0.7205686	1.2594372	-0.7801414	1.0094429	-0.32355165	-0.11711474	0.33426243	0.30646625	-0.40431786	-1.2667158	-0.5590309
60	-0.24207394	-0.19725622	-0.1414057	-1.2559195	0.32118955	0.28939122	0.5181712	0.8956018	1.994577	1.4069624	-0.09932087	0.8628757	-0.15751094	0.047622874	-0.89660925	-1.0357856	0.83404285	0.4294583	0.76150423	1.91375	-1.012292	-0.26150122	-0.313784	-0.6029435	-0.711736	0.9570809	-0.77646285	-0.060959235	-1.2384953	0.616117	-1.4652877	0.48652384	-0.2430979	-0.16794196	-0.45572665	0.27933398	-0.55260646	-0.8124355	1.3941598	-0.8393716	1.1257559	-0.37895185	-0.14534287	0.38161254	0.3787114	-0.4673689	-1.3803512	-0.64862347
61	-0.23436862	-0.20709997	-0.13009714	-1.1605388	0.31790942	0.27134007	0.48879993	0.84066063	1.8889905	1.343599	-0.090896055	0.8172317	-0.12540019	0.052206118	-0.8358368	-0.98455155	0.79445195	0.40826538	0.7146877	1.8193758	-0.9504693	-0.2468344	-0.28066114	-0.57713544	-0.66592085	0.9180323	-0.74981594	-0.04005413	-1.1778346	0.5766052	-1.386785	0.46345183	-0.2247715	-0.177698	-0.42392793	0.2809923	-0.53386605	-0.7723332	1.3250815	-0.8099748	1.0723455	-0.34793535	-0.13111095	0.36037213	0.35113302	-0.432905	-1.3147961	-0.61451876
62	-0.22817175	-0.19008557	-0.12503086	-1.076541	0.28671342	0.24663925	0.45984647	0.79119855	1.776388	1.2494957	-0.08109852	0.7851048	-0.12580688	0.010947779	-0.78275144	-0.9191381	0.7581767	0.38886806	0.6692958	1.6946785	-0.8765788	-0.21235022	-0.26722	-0.52719635	-0.6227764	0.8801995	-0.71017784	-0.0500592	-1.1136856	0.5290318	-1.3047203	0.42259416	-0.20725521	-0.15136908	-0.39607877	0.22712867	-0.501748	-0.73642856	1.2446665	-0.74173176	1.0198709	-0.33510512	-0.11003254	0.34722343	0.34159383	-0.4152535	-1.2285657	-0.5788973
63	-0.23429175	-0.20280907	-0.124107145	-1.1129835	0.29838458	0.24500194	0.46996304	0.8101838	1.813949	1.2771974	-0.07721323	0.7948628	-0.1451494	0.016056463	-0.79798746	-0.9436935	0.76761156	0.40154693	0.68506974	1.7421908	-0.91057146	-0.21787214	-0.27940628	-0.55576366	-0.6394819	0.9022185	-0.7304322	-0.037965506	-1.129411	0.5421483	-1.3311874	0.4422598	-0.22226843	-0.16712461	-0.39498585	0.23365796	-0.5249635	-0.7567069	1.2857424	-0.7804674	1.0530717	-0.32913494	-0.09972671	0.36735743	0.34347942	-0.42885062	-1.2645364	-0.5909968
64	-0.22585037	-0.19164747	-0.12191098	-1.1089445	0.28812596	0.2719956	0.46567765	0.8016441	1.8143181	1.2958397	-0.09746401	0.7820491	-0.124326184	0.046402246	-0.7838251	-0.9333394	0.7706435	0.39318097	0.6895438	1.754602	-0.9050643	-0.24807148	-0.27839133	-0.56105095	-0.65013206	0.8754339	-0.70340765	-0.05745726	-1.1349615	0.5643524	-1.3295808	0.42732495	-0.2018893	-0.1602308	-0.41345903	0.27860484	-0.50204605	-0.73588145	1.2747304	-0.7724821	1.021271	-0.34828028	-0.12837149	0.33989036	0.32331058	-0.40906307	-1.2764239	-0.58332133
65	-0.24716757	-0.21677604	-0.13556734	-1.1959002	0.31788132	0.2753357	0.49801394	0.86012304	1.9273456	1.35573	-0.09437546	0.8066675	-0.1545834	0.053038374	-0.8321814	-0.99069655	0.8036966	0.41952166	0.7215615	1.8528305	-0.9765462	-0.2552821	-0.30053216	-0.60219604	-0.67697924	0.92027676	-0.7443199	-0.04121128	-1.1902096	0.5809626	-1.4100242	0.46506447	-0.23004729	-0.18393317	-0.42330712	0.28121203	-0.54013056	-0.7908046	1.3458065	-0.824512	1.0860183	-0.35720384	-0.12513907	0.37539917	0.34838614	-0.4352543	-1.3303156	-0.63003564
66	-0.24353503	-0.21427508	-0.13414373	-1.1175817	0.29351598	0.22554587	0.4795441	0.79926944	1.8140626	1.2521908	-0.07960388	0.7630399	-0.15882815	0.021940377	-0.7915387	-0.92066664	0.745577	0.38835064	0.6713158	1.7269567	-0.89968044	-0.23315127	-0.2640046	-0.52910423	-0.63598293	0.87428975	-0.7282545	-0.043884195	-1.1027403	0.52701575	-1.3300017	0.44211915	-0.23538813	-0.16107453	-0.41081196	0.229813	-0.5294166	-0.75265306	1.2477584	-0.7681379	1.029884	-0.34274927	-0.101017416	0.3558701	0.34972504	-0.4197472	-1.2533779	-0.5966262
67	-0.22450958	-0.19843054	-0.1367212	-1.15231	0.31130382	0.28015777	0.4826403	0.8302894	1.8779755	1.3300784	-0.09151715	0.80244833	-0.12232345	0.05391807	-0.82196945	-0.975893	0.7910385	0.40563813	0.7025322	1.8067895	-0.9348571	-0.25315553	-0.285197	-0.5784851	-0.662362	0.88820946	-0.72952425	-0.050689656	-1.1705735	0.5750936	-1.3789313	0.45242652	-0.22007692	-0.17661186	-0.41902524	0.27417043	-0.5179396	-0.76473916	1.3032212	-0.8012456	1.0577968	-0.35045293	-0.13699871	0.34991756	0.35147035	-0.423804	-1.2997881	-0.6086993
68	-0.22655994	-0.19209212	-0.12481142	-1.1305708	0.30134928	0.27909243	0.473456	0.8261977	1.8539006	1.3347281	-0.09528105	0.81259894	-0.11873585	0.045706388	-0.8211532	-0.96973395	0.7857789	0.401306	0.7099601	1.7787368	-0.9239875	-0.24448113	-0.28456685	-0.5678186	-0.66043174	0.9048548	-0.72685456	-0.052635964	-1.1590569	0.5783541	-1.3651679	0.4433057	-0.21188813	-0.16777074	-0.42310625	0.27760044	-0.5082909	-0.75212705	1.3068829	-0.7883806	1.0532523	-0.34750736	-0.13666831	0.35648146	0.33911374	-0.4279662	-1.290738	-0.59315526
69	-0.21588707	-0.19511437	-0.1308268	-1.0730755	0.28958648	0.25406843	0.45488816	0.7805453	1.7722105	1.259905	-0.08542502	0.7699115	-0.11209674	0.045750722	-0.7705846	-0.9254557	0.75082606	0.38939577	0.66843915	1.7145168	-0.8727266	-0.2293984	-0.2596421	-0.53582317	-0.6345618	0.86071074	-0.7093693	-0.03908995	-1.1004785	0.53868324	-1.3003906	0.42708448	-0.2108767	-0.15945283	-0.40027145	0.26082677	-0.5118181	-0.7221737	1.2405932	-0.76674974	1.0020269	-0.32663712	-0.12498368	0.33519372	0.3232699	-0.40678883	-1.2575783	-0.58017147
70	-0.2360493	-0.20127724	-0.14145742	-1.1991676	0.30888438	0.25350517	0.49658337	0.83625805	1.8871981	1.2864213	-0.079783015	0.8020408	-0.16937615	0.033716083	-0.83028126	-0.9546209	0.8000539	0.4037904	0.6994134	1.805542	-0.9704202	-0.23388678	-0.292417	-0.5730352	-0.652004	0.90068567	-0.735222	-0.047005933	-1.1689954	0.55090386	-1.3751571	0.46304378	-0.23417723	-0.16187726	-0.407899	0.23588733	-0.5357911	-0.79468286	1.3152622	-0.7750157	1.0706822	-0.3569809	-0.113724105	0.36560223	0.3679006	-0.4296474	-1.2856247	-0.6345749
71	-0.23545286	-0.2013079	-0.118174225	-1.1106844	0.30660373	0.271736	0.4672968	0.81902987	1.8347324	1.3176179	-0.08589419	0.7953073	-0.11417035	0.049040165	-0.794634	-0.9620296	0.7834984	0.39529237	0.6893286	1.7640722	-0.91031766	-0.24146083	-0.27889487	-0.57186246	-0.64991176	0.89062196	-0.7157996	-0.040090553	-1.1493084	0.5679485	-1.3435708	0.44621912	-0.21424791	-0.17025898	-0.40075672	0.27402106	-0.51437294	-0.7412566	1.2841848	-0.7954	1.0454894	-0.33416054	-0.12651278	0.34994522	0.3411643	-0.4166958	-1.2754049	-0.5881758
72	-0.21731097	-0.19221082	-0.12469513	-1.0446715	0.27664745	0.23040493	0.44525853	0.7521905	1.7119223	1.1993141	-0.08370585	0.7283642	-0.14519887	0.027559035	-0.7296883	-0.884627	0.7215706	0.381456	0.6471646	1.6501101	-0.8528073	-0.21870999	-0.25317582	-0.52024776	-0.6084557	0.83029985	-0.67984176	-0.0321122	-1.061288	0.5128246	-1.2542988	0.4100303	-0.20894426	-0.16943912	-0.3798999	0.23590136	-0.4955587	-0.7154008	1.206314	-0.7399011	0.98101294	-0.30761164	-0.100467354	0.3404459	0.30739558	-0.39766985	-1.2078236	-0.5574752
73	-0.22359301	-0.20160687	-0.11687239	-1.102736	0.3075335	0.26736858	0.46597838	0.8086927	1.8184663	1.3024205	-0.08764288	0.7882929	-0.11600027	0.044161182	-0.8022823	-0.9465468	0.7677327	0.39320794	0.69203705	1.7564313	-0.90959704	-0.23992528	-0.27177384	-0.5645278	-0.6418296	0.88700676	-0.7224665	-0.04347755	-1.1394871	0.55646664	-1.3468525	0.4421841	-0.2051515	-0.17642881	-0.40662932	0.27395955	-0.5040524	-0.7400816	1.2847718	-0.785442	1.0351231	-0.33935446	-0.12416798	0.3527202	0.33179024	-0.4130581	-1.2667239	-0.5844863
74	-0.23107624	-0.20402518	-0.12821788	-1.1335275	0.30902174	0.25555044	0.48238564	0.81537855	1.839654	1.2835019	-0.08375572	0.79326063	-0.13266784	0.032065008	-0.80940986	-0.9417799	0.78308004	0.38980728	0.6877522	1.7647747	-0.9280054	-0.23529764	-0.27309343	-0.55546045	-0.63691443	0.889631	-0.72881687	-0.047715593	-1.1560857	0.54736453	-1.3489901	0.4467213	-0.21551803	-0.16455056	-0.4028656	0.2485881	-0.51313144	-0.7675875	1.2832621	-0.7653045	1.043626	-0.35067233	-0.11805865	0.3486359	0.35458073	-0.41328594	-1.2553706	-0.6055053
75	-0.25764614	-0.21983013	-0.13929695	-1.2282616	0.31478918	0.25017056	0.50708663	0.8644166	1.9393145	1.3169608	-0.08635581	0.8067489	-0.1923011	0.035522785	-0.84881914	-0.98448604	0.81040704	0.4128371	0.70794183	1.8472953	-0.9867371	-0.24408278	-0.30812633	-0.58417404	-0.6747854	0.9171232	-0.75499177	-0.049647108	-1.1843656	0.5678976	-1.4191273	0.48401794	-0.2538626	-0.15927418	-0.41035837	0.23523228	-0.5604968	-0.8031761	1.3326062	-0.8109007	1.0985794	-0.3646682	-0.11274043	0.38235667	0.38214728	-0.44319564	-1.3137094	-0.6509053
76	-0.23314442	-0.1999351	-0.12755847	-1.1212349	0.29507026	0.25024486	0.4707146	0.8158673	1.8236418	1.2747196	-0.07748634	0.8043747	-0.13462867	0.017804425	-0.817601	-0.93814087	0.7695641	0.3910903	0.6825474	1.7361149	-0.90761113	-0.21829289	-0.2850836	-0.53995615	-0.63743055	0.90136	-0.72936475	-0.05492793	-1.1309848	0.53729117	-1.3422338	0.43902138	-0.21576059	-0.14892627	-0.40553087	0.22647823	-0.51381505	-0.75485104	1.2712657	-0.75432676	1.0391982	-0.35170013	-0.11727366	0.35730916	0.35843524	-0.42017317	-1.2455236	-0.6007711
77	-0.22229402	-0.1929927	-0.12036031	-1.0612712	0.2816607	0.23869312	0.4496621	0.7669066	1.7290373	1.2143776	-0.07252863	0.74227256	-0.13306291	0.022119265	-0.7494224	-0.88743776	0.7291141	0.37750635	0.6543306	1.6642978	-0.86336124	-0.21726307	-0.2620288	-0.5295597	-0.609761	0.84083885	-0.68156356	-0.03947682	-1.0728551	0.5122224	-1.268647	0.4126314	-0.20581311	-0.1594014	-0.38509867	0.23198041	-0.49160248	-0.71348375	1.2126422	-0.73655665	0.9858151	-0.32418358	-0.10142824	0.34357038	0.32305172	-0.40072656	-1.2051468	-0.56506926
78	-0.20235409	-0.17278083	-0.118752606	-1.0093758	0.26799402	0.2580406	0.4265959	0.74343354	1.6918417	1.2288871	-0.086745605	0.73853266	-0.09835401	0.04892839	-0.72963864	-0.884148	0.71925443	0.37436754	0.6431262	1.6292312	-0.81782496	-0.23192813	-0.24876095	-0.5109482	-0.6084801	0.8203308	-0.660939	-0.0454752	-1.0508162	0.52880216	-1.2437863	0.39391574	-0.1869928	-0.16028349	-0.40058428	0.26913682	-0.46645924	-0.6766768	1.1877701	-0.724464	0.9475013	-0.31479642	-0.13014838	0.31513992	0.29565105	-0.38741702	-1.2108103	-0.53460497
